43.94717	10.50689
43.96842	10.53526
43.97003	10.53757
43.97017	10.55204
43.96936	10.54756
43.97059	10.54482
43.94039	10.54451
43.91743	10.54177
43.92782	10.54968
43.92476	10.55017
43.92537	10.54514
43.91784	10.54681
43.9379		10.5485
43.95614	10.56097
43.92824	10.5569
43.98745	10.55033
43.99562	10.55916
44.00006	10.56622
43.97389	10.56398
43.99072	10.56536
43.98595	10.57571
43.985		10.57956
43.95375	10.57442
43.98714	10.60366
43.99317	10.61227
43.9098		10.55166
43.87951	10.56815
43.88334	10.5752
43.88252	10.5744
43.87281	10.5662
43.89146	10.57827
43.865		10.58247
43.87343	10.57513
43.91876	10.59712
43.90708	10.60796
43.90552	10.60754
43.90827	10.60609
43.94473	10.59048
43.94494	10.59191
43.94533	10.5797
43.95979	10.59847
43.96005	10.59812
43.95187	10.60537
43.95357	10.60818
43.97165	10.62788
43.90914	10.61329
43.91119	10.61582
43.91859	10.62588
43.94605	10.62368
43.95112	10.64765
44.01489	10.59871
44.02352	10.5957
44.03592	10.60726
44.05226	10.61581
44.05779	10.63302
44.01894	10.6256
44.03544	10.62377
44.02818	10.62524
44.04662	10.63673
44.03861	10.64004
44.04205	10.64505
44.0834		10.63417
44.06754	10.63525
44.07224	10.64525
44.09313	10.64816
44.11472	10.65734
44.11478	10.65342
44.05138	10.63984
44.05144	10.65869
44.06748	10.67419
43.98958	10.63289
43.99598	10.63308
43.97414	10.63782
44.01196	10.64899
44.00877	10.65147
44.01791	10.65692
44.0141		10.66204
43.95971	10.6672
44.04001	10.66453
44.03692	10.67297
44.04351	10.66539
44.05923	10.69442
44.06736	10.6939
44.04007	10.69158
44.03925	10.69154
43.9928		10.69382
44.05022	10.71496
43.87602	10.59539
43.846		10.59506
43.87282	10.60496
43.87558	10.60178
43.8803		10.59894
43.88895	10.62285
43.87772	10.61623
43.87479	10.61584
43.88622	10.62615
43.84357	10.61957
43.84435	10.61168
43.85872	10.63684
43.91608	10.63124
43.90445	10.65121
43.92174	10.64947
43.93223	10.65726
43.93407	10.65153
43.87016	10.66135
43.90264	10.68005
43.81588	10.63214
43.81395	10.63008
43.81113	10.6277
43.81498	10.62413
43.81944	10.63992
43.82492	10.64317
43.8351		10.64301
43.81888	10.65274
43.80454	10.66497
43.80975	10.66352
43.81942	10.67373
43.82442	10.67719
43.88226	10.67734
43.87393	10.69352
43.8852		10.70325
43.84301	10.6827
43.83893	10.68116
43.94586	10.6732
43.98042	10.6918
43.95774	10.69499
43.92757	10.68185
43.93012	10.70532
43.9599	10.70857
43.92853	10.71425
43.98299	10.70386
43.99294	10.69669
44.00457	10.70791
43.97512	10.71249
44.02282	10.7234
43.9985	10.73603
44.01264	10.74284
43.97045	10.71725
43.95734	10.73359
43.95176	10.73412
43.96174	10.7342
43.96913	10.73828
43.97584	10.73955
43.99652	10.73983
44.00295	10.74623
43.97491	10.75372
43.98208	10.7447
43.97909	10.74663
43.9863	10.75349
43.89496	10.70593
43.90817	10.70807
43.89511	10.70759
43.88709	10.70649
43.93171	10.73672
43.92238	10.73707
43.88548	10.72118
43.88386	10.71655
43.89281	10.73474
43.86894	10.73504
43.88133	10.73274
43.88176	10.73508
43.90635	10.7425
43.90552	10.73492
43.89422	10.74485
43.89326	10.74603
43.88167	10.75028
43.89482	10.75611
43.94692	10.74772
43.94767	10.74289
43.95936	10.75597
43.96008	10.74858
43.94592	10.76476
43.97381	10.75753
43.9277	10.76179
43.91691	10.77348
43.94281	10.80235
43.9487	10.80354
44.12833	10.68258
44.14552	10.68039
44.15085	10.68527
44.10415	10.68931
44.12452	10.70459
44.1108	10.7047
44.17496	10.70333
44.17407	10.72045
44.18641	10.72146
44.19657	10.72505
44.14575	10.72311
44.14885	10.73245
44.13735	10.73296
44.18006	10.75067
44.15506	10.74802
44.15612	10.75149
44.15554	10.75312
44.16109	10.76357
44.06411	10.70928
44.09136	10.72317
44.08911	10.73855
44.04894	10.72008
44.06894	10.75669
44.07329	10.75115
44.08537	10.75886
44.13182	10.74835
44.15157	10.76456
44.15027	10.77143
44.10237	10.77122
44.11584	10.7901
44.2115	10.73679
44.21304	10.75431
44.17997	10.7744
44.20882	10.77721
44.21312	10.77867
44.21526	10.78175
44.2228	10.78869
44.21567	10.78663
44.19672	10.78914
44.19807	10.79042
44.19967	10.79212
44.2528	10.7847
44.25556	10.77419
44.25812	10.78917
44.24564	10.78274
44.24793	10.79704
44.28264	10.80383
44.29344	10.8094
44.28188	10.80379
44.27663	10.80996
44.2405	10.83061
44.16666	10.77186
44.17755	10.79389
44.17682	10.78885
44.16339	10.80281
44.18612	10.80536
44.18266	10.81313
44.18114	10.81342
44.18287	10.82001
44.15023	10.79914
44.14671	10.80723
44.16804	10.81332
44.16248	10.816
44.17243	10.83281
44.21301	10.81975
44.19197	10.82533
44.23111	10.84434
44.18778	10.83333
44.18936	10.83436
44.17859	10.83623
44.1911	10.84315
44.20295	10.8454
44.1831	10.84235
44.17627	10.83716
44.19517	10.85482
44.21819	10.8567
44.2025	10.85956
44.02632	10.74218
44.02139	10.74753
44.05831	10.757
44.06769	10.77284
44.06382	10.77034
44.05924	10.77256
44.05174	10.78147
44.05592	10.78335
44.012	10.75635
44.01754	10.76189
44.01723	10.78019
44.01029	10.78509
44.02373	10.77848
44.0406	10.7902
44.04253	10.78564
44.04151	10.78322
44.08161	10.7825
44.10815	10.79735
44.08695	10.81184
44.0988	10.80913
44.05643	10.7953
44.05232	10.80472
44.05848	10.81339
44.07876	10.81025
44.08666	10.8335
44.0006	10.79076
44.01111	10.8068
44.00691	10.81155
44.00821	10.81474
43.96688	10.80436
43.96259	10.80934
43.96603	10.80938
43.98471	10.83167
44.03123	10.81955
44.03989	10.82998
44.02831	10.8379
44.03437	10.84133
44.05658	10.83218
44.05631	10.83017
44.04802	10.84258
44.00963	10.83332
44.0085	10.83522
44.00903	10.83098
43.99862	10.84857
44.03608	10.8604
44.04072	10.85228
44.02611	10.86126
44.02749	10.87631
44.03379	10.87824
44.13015	10.8231
44.14075	10.82582
44.1465	10.84285
44.15685	10.84448
44.10851	10.84862
44.08458	10.84547
44.08442	10.84543
44.09672	10.85611
44.11864	10.86134
44.13607	10.865
44.12691	10.86867
44.13111	10.87398
44.17994	10.87084
44.15242	10.88669
44.1303	10.88374
44.1332	10.8917
44.18384	10.90005
44.17643	10.90212
44.07457	10.85118
44.07011	10.85962
44.06386	10.86332
44.06387	10.86309
44.08314	10.8741
44.07991	10.87493
44.09682	10.87444
44.11032	10.88618
44.0908	10.88433
44.05718	10.87233
44.07312	10.88421
44.04058	10.88718
44.09038	10.90199
44.06648	10.89935
44.12382	10.88862
44.1246	10.89927
44.13355	10.91582
44.13661	10.91788
44.13695	10.91841
44.14429	10.93137
44.14586	10.93193
44.11305	10.93406
44.10671	10.93685
44.11445	10.937
44.11217	10.93955
44.12637	10.9496
43.7658	10.66943
43.7821	10.67034
43.77801	10.68144
43.76671	10.67808
43.80842	10.69556
43.80805	10.69105
43.78587	10.70203
43.75081	10.68938
43.73603	10.69085
43.77232	10.69628
43.77726	10.70559
43.78322	10.70754
43.82145	10.70043
43.8195	10.712
43.80727	10.72258
43.84383	10.74175
43.79078	10.71468
43.79657	10.72426
43.79284	10.74606
43.79964	10.74115
43.79456	10.74437
43.82977	10.75331
43.80901	10.76309
43.81589	10.75365
43.72356	10.71004
43.74116	10.71139
43.72745	10.72598
43.74755	10.71331
43.75189	10.72694
43.71018	10.71971
43.71793	10.72505
43.72316	10.72979
43.6964	10.73267
43.71375	10.7572
43.72759	10.76662
43.75998	10.74116
43.78334	10.75193
43.78307	10.74386
43.75045	10.74781
43.79252	10.78179
43.74273	10.75741
43.74582	10.77494
43.77473	10.7786
43.76458	10.79992
43.86266	10.7432
43.85601	10.75917
43.8578	10.75328
43.85471	10.76005
43.85714	10.75506
43.85755	10.7524
43.88283	10.76865
43.89922	10.76761
43.88181	10.77339
43.88698	10.78101
43.83455	10.76581
43.84354	10.77482
43.84989	10.76805
43.84953	10.77225
43.83943	10.76713
43.8632	10.78523
43.84884	10.79168
43.89446	10.77916
43.90381	10.78264
43.91694	10.78249
43.88962	10.78984
43.91552	10.80458
43.91438	10.80726
43.88151	10.79316
43.86403	10.80396
43.87104	10.81483
43.90824	10.82963
43.88561	10.82369
43.90507	10.83236
43.82986	10.79577
43.84458	10.81534
43.84178	10.81627
43.78794	10.79508
43.79579	10.80394
43.80927	10.8093
43.78075	10.79863
43.81292	10.81913
43.80166	10.83172
43.81063	10.83628
43.81313	10.84009
43.81957	10.83788
43.85064	10.83059
43.86027	10.8304
43.87669	10.82935
43.86391	10.84653
43.88447	10.85086
43.88133	10.8545
43.83267	10.83582
43.82225	10.83742
43.87278	10.86434
43.87178	10.86442
43.85994	10.87994
43.68173	10.76461
43.70548	10.75254
43.71265	10.76849
43.66443	10.75691
43.66189	10.76888
43.63905	10.76941
43.65605	10.77789
43.69922	10.78593
43.6678	10.78462
43.67705	10.78478
43.66814	10.7848
43.68344	10.7917
43.7213	10.78043
43.72796	10.78173
43.72536	10.7983
43.73118	10.79738
43.75137	10.79993
43.74661	10.81715
43.74914	10.81066
43.70941	10.80356
43.71683	10.80074
43.69221	10.80271
43.71714	10.83505
43.73496	10.83629
43.73033	10.83821
43.72364	10.83966
43.72912	10.84108
43.63287	10.77557
43.64031	10.77836
43.64223	10.78318
43.64086	10.7924
43.66888	10.80898
43.64786	10.80196
43.61687	10.79738
43.61927	10.80239
43.61573	10.79693
43.61709	10.81577
43.6185	10.81951
43.62054	10.82118
43.65051	10.82009
43.62294	10.82754
43.63442	10.82371
43.63731	10.83753
43.67505	10.81726
43.67191	10.83062
43.66922	10.82995
43.68208	10.83149
43.67861	10.83888
43.70062	10.83458
43.65529	10.8383
43.66036	10.84464
43.65873	10.84635
43.69524	10.86727
43.69489	10.86324
43.78013	10.83375
43.77942	10.81834
43.7867	10.83074
43.79047	10.83435
43.79	10.83518
43.80418	10.84652
43.78445	10.85495
43.74485	10.84552
43.73222	10.84859
43.74451	10.85679
43.78389	10.86522
43.77691	10.86234
43.77198	10.86794
43.76446	10.87253
43.81327	10.85858
43.81585	10.87706
43.81008	10.8681
43.84956	10.87698
43.8324	10.88988
43.80019	10.87318
43.80824	10.8845
43.77796	10.88975
43.79423	10.88599
43.79	10.88743
43.81126	10.88656
43.80486	10.89381
43.80762	10.89184
43.82292	10.9036
43.80918	10.9016
43.7182	10.85636
43.73647	10.86196
43.74035	10.86843
43.7369	10.86656
43.72757	10.87336
43.74848	10.86731
43.75497	10.88531
43.7413	10.88647
43.70642	10.87076
43.7126	10.87294
43.73477	10.89989
43.73845	10.90841
43.74006	10.9084
43.73295	10.91306
43.77568	10.89254
43.7822	10.90309
43.75328	10.89872
43.75458	10.90159
43.76257	10.9041
43.7581	10.90767
43.76933	10.91122
43.7902	10.90616
43.75923	10.92278
43.76002	10.9173
43.7444	10.91859
43.73532	10.9194
43.757	10.9443
43.76886	10.9576
43.96052	10.82291
43.95623	10.8304
43.95919	10.84123
43.96347	10.84314
43.93564	10.84816
43.91711	10.84934
43.95476	10.858
43.95233	10.86978
43.93198	10.86536
43.93114	10.86237
43.94768	10.8803
43.98796	10.8608
44.00084	10.85844
44.0027	10.86038
44.01749	10.87503
44.01705	10.87849
44.02316	10.8843
44.03109	10.88355
43.96785	10.86946
43.94692	10.88381
43.95656	10.88646
43.99036	10.89327
43.99204	10.89751
44.00294	10.89496
43.99207	10.90192
44.00318	10.90273
43.9681	10.9019
43.9885	10.90318
43.98971	10.90245
43.89701	10.85072
43.89536	10.85128
43.91224	10.86098
43.92526	10.8692
43.91685	10.8699
43.92945	10.874
43.86516	10.87869
43.8694	10.88968
43.87278	10.8864
43.86444	10.88287
43.86821	10.87673
43.91547	10.89798
43.89229	10.91183
43.89231	10.91123
43.94579	10.88883
43.93657	10.89234
43.92895	10.90046
43.96329	10.90902
43.97994	10.92739
43.9709	10.92752
43.96439	10.93701
43.92107	10.90591
43.94097	10.92199
43.95241	10.92996
43.95261	10.94565
43.95979	10.9365
44.03529	10.89508
44.03449	10.89925
44.04707	10.90963
44.06014	10.91221
44.05618	10.90995
44.04224	10.91553
44.04696	10.93708
44.02494	10.93515
44.08313	10.93781
44.09289	10.94066
44.08586	10.94409
44.06711	10.93251
44.10309	10.94507
44.08728	10.96357
44.10116	10.96282
44.09784	10.96012
44.07136	10.9626
44.06537	10.96097
44.07657	10.99225
43.99611	10.94113
43.97753	10.94528
43.97728	10.94555
44.01292	10.95357
44.01463	10.94816
43.99346	10.95691
44.00256	10.96124
43.96225	10.95818
44.00649	10.98142
43.98164	10.97577
44.02875	10.96892
44.02274	10.96924
44.03733	10.98189
44.05683	11.00051
44.02987	10.99763
44.01223	11.00405
44.03563	11.02779
43.86648	10.89076
43.85676	10.89905
43.86882	10.90819
43.87717	10.90086
43.88804	10.90945
43.87712	10.91771
43.88384	10.91906
43.88174	10.93599
43.84457	10.91532
43.83101	10.91773
43.82353	10.9192
43.82828	10.92523
43.82527	10.92441
43.81669	10.92231
43.90688	10.94161
43.89603	10.94905
43.92681	10.95719
43.91226	10.95093
43.91056	10.96349
43.91928	10.97178
43.87483	10.95825
43.86459	10.96011
43.88133	10.9716
43.91474	10.97333
43.91086	10.98385
43.89931	10.9836
43.80855	10.93184
43.81603	10.93208
43.79548	10.93928
43.80045	10.94543
43.84135	10.96353
43.84531	10.96658
43.83349	10.9751
43.80534	10.96371
43.80648	10.97222
43.79738	10.97996
43.86133	10.9724
43.85444	10.97855
43.85522	10.98312
43.85235	10.98768
43.89084	11.0043
43.8629	10.99685
43.87284	10.99713
43.86179	10.9992
43.88299	11.00924
43.84139	10.98631
43.83601	10.99421
43.84294	10.99242
43.84899	10.99736
43.84612	11.00424
43.83546	10.99941
43.84205	11.01067
43.84743	11.02127
43.94576	10.96389
43.95696	10.98299
43.93729	10.98338
43.97002	10.98681
43.97116	10.99302
43.96628	10.9935
43.97889	10.99121
43.96533	11.00237
43.92943	11.00366
43.95063	11.00743
43.95849	11.02281
43.94373	11.03138
43.99202	11.01361
43.97618	11.01123
43.98062	11.02391
43.99904	11.03129
44.01143	11.03762
44.00872	11.04084
44.01122	11.03739
44.01014	11.05138
43.96139	11.02398
43.9724	11.02447
43.9695	11.03495
43.96809	11.04813
43.9927	11.0429
43.90316	11.0174
43.91621	11.02291
43.88015	11.01922
43.86981	11.02735
43.90148	11.05059
43.94961	11.0395
43.97306	11.05979
43.96423	11.05777
43.91372	11.06546
43.91924	11.0775
43.95159	11.08193
43.94274	11.0847
43.95004	11.08718
43.93676	11.08964
44.30241	10.8234
44.30781	10.82767
44.29269	10.82921
44.31146	10.842
44.25833	10.84187
44.29695	10.85071
44.29407	10.85303
44.3001	10.86452
44.29132	10.86093
44.34881	10.85433
44.34929	10.85519
44.33414	10.85742
44.35044	10.86289
44.3751	10.88588
44.33559	10.883
44.31999	10.89295
44.33747	10.88783
44.32934	10.90146
44.34765	10.90827
44.34781	10.91172
44.26818	10.86607
44.25517	10.86219
44.27641	10.86901
44.2689	10.87554
44.29504	10.88389
44.26305	10.91136
44.30971	10.90081
44.32347	10.91174
44.32722	10.91453
44.30765	10.92856
44.30487	10.92493
44.32263	10.9288
44.31346	10.92903
44.27705	10.91819
44.26796	10.92446
44.27544	10.92891
44.29535	10.92549
44.28965	10.94584
44.29516	10.94523
44.38104	10.90813
44.41264	10.91512
44.40342	10.91195
44.39398	10.92464
44.41101	10.93062
44.36457	10.91714
44.36564	10.92988
44.38337	10.93069
44.38901	10.93651
44.37855	10.93527
44.4383	10.93666
44.4272	10.94447
44.46098	10.94966
44.44017	10.96819
44.42617	10.97118
44.35174	10.94929
44.36127	10.95401
44.33298	10.9551
44.3125	10.96182
44.31638	10.96493
44.35065	10.98073
44.32112	10.9765
44.40739	10.99355
44.38916	10.9993
44.41521	11.00772
44.3766	10.9987
44.34764	11.00084
44.39379	11.00991
44.37461	11.02028
44.37134	11.01188
44.21351	10.89642
44.21765	10.89055
44.21194	10.9042
44.21869	10.90623
44.21084	10.90275
44.20601	10.90743
44.23603	10.92063
44.1878	10.90963
44.20197	10.91713
44.19007	10.91969
44.17134	10.91906
44.18375	10.93076
44.19069	10.93014
44.18566	10.93108
44.20592	10.93167
44.19495	10.93982
44.20219	10.94791
44.25496	10.93033
44.24222	10.94224
44.27843	10.96378
44.21871	10.95197
44.24887	10.97031
44.23888	10.97244
44.26091	10.98826
44.16727	10.94746
44.17743	10.96671
44.17873	10.9691
44.13927	10.9461
44.13946	10.95216
44.1524	10.9565
44.13614	10.95875
44.17798	10.97045
44.15243	10.98479
44.15695	10.98263
44.20856	10.96067
44.21751	10.97707
44.21532	10.98014
44.2083	10.98495
44.24066	10.98713
44.22784	10.98918
44.24061	11.00694
44.19594	10.99233
44.18406	10.99441
44.20834	11.03096
44.20809	11.02989
44.28242	10.9792
44.33127	11.00489
44.32454	10.99469
44.31251	10.99183
44.31463	11.00181
44.28578	10.99369
44.28047	10.99967
44.26198	10.99283
44.28656	11.01784
44.29496	11.02068
44.34982	11.00615
44.34283	11.01307
44.34413	11.0122
44.35116	11.01378
44.34371	11.01377
44.34573	11.0194
44.34781	11.03733
44.36015	11.05068
44.33464	11.04408
44.24745	11.00884
44.25412	11.03144
44.27883	11.02484
44.28706	11.03859
44.26357	11.02824
44.26715	11.04183
44.23723	11.03663
44.27012	11.05504
44.23896	11.05302
44.24353	11.06172
44.24089	11.04797
44.30555	11.05201
44.28524	11.0492
44.33665	11.07378
44.27503	11.06021
44.29826	11.0766
44.30038	11.08634
44.29384	11.08678
44.28718	11.09765
44.28216	11.0893
44.47473	10.97942
44.45234	10.97884
44.47777	10.99063
44.49022	10.99159
44.47707	10.9994
44.45575	10.99637
44.43748	11.00259
44.48127	11.00821
44.48534	11.01384
44.46668	11.02888
44.51734	10.99815
44.51849	11.01421
44.52353	11.01025
44.54131	11.02008
44.49309	11.03752
44.53161	11.04947
44.42917	11.01308
44.43914	11.0231
44.43765	11.01337
44.44813	11.04478
44.42798	11.04532
44.44204	11.05138
44.43828	11.05312
44.41432	11.0524
44.48234	11.06062
44.48285	11.0472
44.48664	11.06208
44.49433	11.07367
44.4416	11.06405
44.44107	11.06958
44.43815	11.07617
44.44922	11.08525
44.46457	11.09275
44.59609	11.06671
44.57983	11.08788
44.5346	11.05872
44.54549	11.07046
44.54902	11.07835
44.53255	11.07031
44.5634	11.08126
44.54816	11.0939
44.56644	11.10414
44.60305	11.08974
44.61704	11.09411
44.59919	11.0963
44.59943	11.1
44.6385	11.11347
44.61706	11.1112
44.63039	11.12518
44.58891	11.11144
44.57358	11.10713
44.58766	11.12921
44.60881	11.14267
44.5258	11.09942
44.51152	11.10015
44.53956	11.09639
44.53128	11.10135
44.50536	11.10551
44.50856	11.11002
44.50826	11.11276
44.48584	11.11808
44.51225	11.12168
44.51256	11.1221
44.49965	11.12921
44.52486	11.13937
44.56502	11.1234
44.56766	11.11827
44.55208	11.12364
44.558	11.13334
44.59517	11.14566
44.59225	11.15677
44.53667	11.1334
44.53914	11.14163
44.55586	11.15093
44.5236	11.1441
44.5249	11.14952
44.52843	11.15331
44.55688	11.15435
44.55449	11.16946
44.56754	11.17617
44.39014	11.05911
44.42002	11.0739
44.39884	11.07315
44.40128	11.08288
44.37472	11.07849
44.3541	11.07723
44.38606	11.08211
44.38809	11.08005
44.38416	11.09609
44.38009	11.10511
44.42195	11.08133
44.44005	11.08443
44.41752	11.09611
44.4141	11.11578
44.39006	11.11104
44.40729	11.12275
44.43051	11.11468
44.43664	11.12556
44.4359	11.13394
44.37151	11.11472
44.36348	11.11109
44.35515	11.10938
44.34097	11.11093
44.31782	11.09941
44.31162	11.10422
44.32865	11.10583
44.30423	11.1139
44.30443	11.11294
44.32102	11.11954
44.34813	11.13098
44.32491	11.13323
44.33752	11.14095
44.34293	11.13469
44.38127	11.11449
44.38218	11.14589
44.38703	11.13285
44.37935	11.14334
44.42423	11.1456
44.40059	11.14399
44.40036	11.15296
44.39524	11.15448
44.35007	11.15237
44.39361	11.16003
44.40204	11.16604
44.37494	11.16856
44.47192	11.13293
44.46938	11.1386
44.4681	11.14084
44.5051	11.14629
44.5128	11.14983
44.50414	11.15125
44.48803	11.14842
44.49363	11.15303
44.49229	11.15272
44.46917	11.14698
44.45791	11.15632
44.47187	11.16352
44.47219	11.1549
44.47785	11.17491
44.51376	11.16366
44.52262	11.16819
44.54245	11.18054
44.54468	11.19285
44.49449	11.16994
44.49868	11.17913
44.50913	11.18062
44.51715	11.20102
44.5238	11.21791
44.44533	11.16525
44.45605	11.17286
44.46931	11.18742
44.43251	11.19416
44.44815	11.2047
44.43993	11.20717
44.43596	11.21091
44.4724	11.20609
44.45131	11.22028
44.44468	11.21125
44.4605	11.23263
44.44292	11.23082
44.45212	11.23419
44.45403	11.23523
44.4647	11.25346
44.1151	10.9658
44.11646	10.97074
44.12761	10.97857
44.1188	10.98269
44.13428	10.98946
44.15069	11.0082
44.09316	10.98752
44.1007	11.00446
44.13107	11.01138
44.13019	11.01446
44.12686	11.02254
44.1585	11.00697
44.17995	11.01575
44.17096	11.01845
44.17163	11.02726
44.20291	11.03255
44.18685	11.04696
44.17794	11.0443
44.14151	11.02338
44.15158	11.0337
44.15567	11.03534
44.15153	11.04164
44.16856	11.042
44.07049	11.01687
44.101	11.02636
44.10169	11.03619
44.08895	11.03302
44.09834	11.05061
44.04986	11.02908
44.06586	11.03968
44.07696	11.03794
44.07306	11.05043
44.06014	11.0509
44.12272	11.04291
44.11364	11.0466
44.12082	11.03618
44.13698	11.0577
44.12582	11.05011
44.16206	11.07485
44.13403	11.07444
44.12838	11.07612
44.14901	11.08059
44.09945	11.06137
44.11458	11.07247
44.08998	11.08287
44.12066	11.08758
44.12279	11.08152
44.12227	11.07955
44.10441	11.09625
44.21198	11.0419
44.22021	11.052
44.19959	11.04951
44.23632	11.06737
44.22421	11.07571
44.22072	11.07151
44.23888	11.08338
44.18267	11.06644
44.18326	11.07732
44.21685	11.08086
44.21831	11.08854
44.18789	11.09189
44.25343	11.08291
44.26688	11.08557
44.25456	11.10693
44.28899	11.10765
44.27051	11.10818
44.28151	11.12215
44.2391	11.11373
44.23045	11.12926
44.22539	11.12499
44.25752	11.11521
44.25682	11.13183
44.26819	11.12535
44.26168	11.1296
44.15918	11.08536
44.15708	11.08233
44.19865	11.10941
44.15555	11.10821
44.13716	11.1072
44.13383	11.10441
44.12791	11.11317
44.16819	11.126
44.15121	11.12328
44.22203	11.13174
44.24776	11.15254
44.19539	11.14395
44.18085	11.15307
44.1844	11.16073
44.17911	11.15646
44.17953	11.1561
44.19863	11.1665
44.03174	11.05255
44.03756	11.05134
44.04555	11.05864
44.02695	11.05923
44.06136	11.07098
44.01166	11.0574
44.01959	11.07561
44.01946	11.07916
44.01462	11.08355
44.01896	11.08096
44.02064	11.09953
44.08731	11.09472
44.09381	11.10275
44.09446	11.10303
44.09273	11.11402
44.05685	11.09514
44.06098	11.10566
44.05733	11.11519
44.07858	11.11484
43.98901	11.07571
43.97937	11.08317
43.98609	11.08825
43.98864	11.07765
43.9919	11.09219
43.97845	11.08741
43.99241	11.10505
43.99062	11.10557
44.00876	11.09545
43.96302	11.10657
43.97751	11.11342
43.95497	11.10436
43.95718	11.10298
43.9661	11.11945
43.96888	11.12347
43.98005	11.13341
44.02235	11.13621
44.02306	11.13375
44.04128	11.13942
44.0301	11.14179
44.0059	11.13645
44.02051	11.15624
44.0159	11.15674
44.04415	11.17463
44.02895	11.16573
44.01791	11.1688
44.03723	11.17293
44.03807	11.17756
44.02714	11.18059
44.1221	11.11311
44.11679	11.13022
44.11878	11.14826
44.1067	11.15241
44.10353	11.15952
44.10338	11.15343
44.13465	11.16589
44.12198	11.17229
44.16266	11.1557
44.1693	11.15468
44.176	11.17385
44.17573	11.15945
44.16003	11.17577
44.18547	11.18355
44.20485	11.18424
44.19363	11.18829
44.17828	11.18633
44.13582	11.17751
44.15095	11.17706
44.14141	11.18432
44.13119	11.19022
44.14104	11.20037
44.14548	11.19624
44.13967	11.19784
44.14475	11.19283
44.17052	11.19402
44.15759	11.19691
44.08823	11.17638
44.06555	11.16761
44.07509	11.18155
44.1119	11.18664
44.11014	11.1776
44.08707	11.18296
44.05943	11.17528
44.03457	11.187
44.0864	11.21319
44.13329	11.21288
44.1064	11.21139
44.1498	11.22446
44.11983	11.22715
44.10701	11.24106
44.1153	11.25472
44.29835	11.1169
44.29602	11.14487
44.32016	11.14465
44.30552	11.14915
44.31748	11.159
44.27632	11.14139
44.27356	11.13336
44.2851	11.15721
44.2632	11.15425
44.31673	11.16639
44.29227	11.16508
44.29686	11.17421
44.34499	11.15418
44.32576	11.17342
44.34973	11.18502
44.31866	11.17883
44.32524	11.18914
44.30592	11.19296
44.33019	11.20686
44.33054	11.21503
44.26274	11.17471
44.29354	11.18647
44.25579	11.18581
44.26821	11.19854
44.27103	11.19634
44.22786	11.17767
44.22041	11.18556
44.25874	11.19715
44.25206	11.21987
44.29888	11.19462
44.30627	11.20737
44.29007	11.20933
44.32252	11.21664
44.31459	11.22083
44.30346	11.23023
44.32582	11.23285
44.27794	11.24175
44.28987	11.24183
44.39544	11.20521
44.39267	11.21737
44.40471	11.21062
44.34761	11.2286
44.35293	11.22623
44.44532	11.24449
44.4482	11.24318
44.41105	11.24346
44.41607	11.24984
44.4314	11.25613
44.44439	11.25648
44.46381	11.25545
44.44224	11.26868
44.41273	11.25335
44.40542	11.24641
44.41056	11.27487
44.40944	11.27911
44.44218	11.27587
44.42387	11.28102
44.33943	11.23013
44.35243	11.25018
44.32724	11.23767
44.33483	11.25673
44.35867	11.25469
44.35514	11.26786
44.364	11.26714
44.31895	11.24609
44.32996	11.27166
44.33068	11.27234
44.33061	11.2727
44.35438	11.28006
44.3252	11.28276
44.37862	11.27567
44.37458	11.27404
44.40351	11.29665
44.4135	11.29934
44.40871	11.30416
44.41292	11.31258
44.4073	11.31316
44.36453	11.30154
44.36012	11.31079
44.38255	11.31087
44.38804	11.31247
44.38323	11.33009
44.21341	11.19342
44.22348	11.20472
44.21996	11.2009
44.19184	11.20336
44.20858	11.20607
44.20358	11.2065
44.23848	11.22857
44.22156	11.22888
44.23223	11.23073
44.22854	11.22862
44.19257	11.21777
44.1933	11.22585
44.21361	11.23182
44.25855	11.2352
44.2472	11.25507
44.28828	11.25607
44.28842	11.26809
44.24267	11.26662
44.22813	11.27337
44.23753	11.26966
44.22666	11.27275
44.26789	11.28008
44.27021	11.28058
44.24254	11.28715
44.15993	11.23455
44.15905	11.23249
44.17254	11.23737
44.17444	11.24114
44.17724	11.24636
44.15598	11.2455
44.19476	11.26285
44.17157	11.25807
44.18476	11.26976
44.14682	11.25968
44.1378	11.25593
44.13928	11.26028
44.17028	11.27686
44.17446	11.27814
44.17954	11.28222
44.15994	11.2787
44.20673	11.26883
44.21324	11.29574
44.24081	11.30479
44.2449	11.30058
44.1857	11.29818
44.17807	11.2909
44.30718	11.27391
44.30647	11.28955
44.30588	11.28612
44.32788	11.30785
44.3267	11.30156
44.31556	11.31366
44.28305	11.29322
44.28369	11.29405
44.26569	11.30654
44.26894	11.31281
44.30444	11.33037
44.34497	11.30643
44.35021	11.31196
44.33746	11.32241
44.36117	11.33502
44.37332	11.34794
44.36836	11.35306
44.36235	11.35414
44.30352	11.33642
44.3463	11.36743
44.26373	11.32646
44.25542	11.32854
44.27996	11.34035
44.28311	11.334
44.2726	11.35582
44.2231	11.3285
44.22001	11.33656
44.23215	11.34461
44.25827	11.34494
44.24698	11.35431
44.24383	11.36061
44.30622	11.35316
44.28055	11.3573
44.29578	11.36763
44.29561	11.36749
44.29051	11.36371
44.31841	11.36404
44.33459	11.3794
44.33481	11.38089
44.32582	11.38845
44.31616	11.38333
44.26489	11.38562
44.28869	11.38685
44.29682	11.40557
45.01214	10.83282
45.01714	10.83997
45.03313	10.84803
45.03458	10.85281
45.00522	10.84547
45.02138	10.86125
44.97518	10.85634
44.99859	10.85872
44.99717	10.85873
45.00688	10.86684
45.00042	10.86608
45.04118	10.85731
45.05412	10.87127
45.05367	10.86073
45.04817	10.87217
45.07596	10.87285
45.0774	10.87912
45.07738	10.87878
45.05525	10.87606
45.06281	10.88286
45.06243	10.88824
45.07645	10.89296
45.0653	10.89842
45.01887	10.87713
45.03576	10.88989
45.01395	10.88129
45.03021	10.89455
45.04075	10.89266
45.05289	10.8909
45.05567	10.89961
45.05147	10.91335
44.95278	10.85107
44.96314	10.8563
44.95416	10.84949
44.96818	10.85826
44.96108	10.87817
44.92799	10.87397
44.95852	10.88642
44.96691	10.89669
44.97226	10.90283
44.96845	10.90394
44.96639	10.89749
44.9506	10.90436
44.95499	10.91092
44.95405	10.91486
44.95554	10.91446
44.99504	10.89403
45.01835	10.90037
45.001	10.91902
45.02045	10.90547
45.01708	10.91021
45.01619	10.92681
44.9864	10.92128
44.99252	10.92886
44.99979	10.93023
45.01328	10.93448
44.98823	10.94156
44.99719	10.94097
44.99967	10.94261
45.00403	10.95416
45.10105	10.90242
45.08327	10.9013
45.0727	10.9053
45.09153	10.90872
45.11148	10.91535
45.11929	10.92499
45.12502	10.92611
45.12019	10.92944
45.12125	10.91589
45.11009	10.92924
45.06376	10.91496
45.04846	10.91989
45.04777	10.91834
45.07258	10.92825
45.05924	10.93023
45.09765	10.93873
45.09194	10.94304
45.10798	10.93966
45.08007	10.93996
45.08483	10.93847
45.08115	10.95202
45.11971	10.94021
45.15963	10.96368
45.11793	10.94737
45.10072	10.96414
45.09635	10.95536
45.10857	10.9735
45.12873	10.96503
45.11583	10.97495
45.03907	10.92632
45.0329	10.94293
45.04959	10.95634
45.0193	10.95566
45.01497	10.96104
45.01751	10.96145
45.04611	10.96129
45.0535	10.97033
45.05643	10.97179
45.05533	10.96928
45.02851	10.97659
45.03733	10.98208
45.04228	10.98083
45.0735	10.97834
45.0911	10.98614
45.12258	11.00236
45.11886	10.9896
45.09702	10.9928
45.10833	11.00023
45.06287	10.98708
45.09651	11.01084
45.07047	11.01289
45.07507	11.02047
45.08821	11.02496
45.08049	11.02588
44.89471	10.90028
44.90956	10.90056
44.92215	10.91331
44.88526	10.92544
44.91059	10.92776
44.92244	10.94537
44.9142	10.95136
44.96719	10.94192
44.94318	10.94521
44.94472	10.94336
44.97561	10.9457
44.96975	10.94875
44.97837	10.95126
44.98645	10.94832
44.9981	10.9594
44.93718	10.95613
44.95554	10.96227
44.95031	10.96769
44.96793	10.96953
44.94036	10.97821
44.94632	10.9703
44.8641	10.93555
44.85364	10.9353
44.85525	10.94761
44.88406	10.94567
44.89014	10.95791
44.89136	10.94314
44.88519	10.95329
44.88514	10.96197
44.8742	10.96148
44.88205	10.95732
44.89201	10.96587
44.8583	10.96716
44.857	10.9522
44.84681	10.96727
44.86509	10.97006
44.87368	10.98853
44.8628	10.99051
44.90072	10.97539
44.94146	10.99718
44.93302	10.99961
44.89109	10.99611
44.8945	11.00431
44.88981	11.00863
44.9027	11.01061
45.00294	10.97542
44.99213	10.985
45.02496	10.99144
45.02317	10.99724
45.02497	10.99919
45.01922	11.00844
44.97107	10.98663
44.97565	10.98991
44.97527	10.98858
44.96643	11.00506
44.97772	11.0037
44.99884	11.0195
45.05029	11.02285
45.04252	11.02643
45.04761	11.02064
45.06292	11.0231
45.08036	11.03501
45.072	11.04428
45.03603	11.03404
45.02722	11.03631
45.03076	11.037
45.03427	11.04272
45.03178	11.03251
45.00934	11.03837
45.04668	11.04988
44.96944	11.01448
44.95839	11.01903
44.95021	11.02246
44.95698	11.02432
44.95462	11.03155
44.97112	11.02485
44.97109	11.02503
44.98926	11.04363
44.94702	11.0275
44.94735	11.03535
45.01201	11.04803
45.02316	11.05818
44.97754	11.06421
44.97789	11.07001
44.99152	11.06912
45.00759	11.09536
44.98092	11.09152
44.99032	11.0888
45.0007	11.09469
45.16419	10.97337
45.2084	10.99896
45.18585	11.00102
45.19223	11.00338
45.16613	10.992
45.1653	10.99722
45.16452	11.00476
45.153	11.00327
45.15262	11.00967
45.17284	11.01166
45.19157	11.02107
45.18979	11.021
45.17691	11.03213
45.18387	11.02664
45.21636	11.00081
45.22829	11.01985
45.20817	11.02121
45.24436	11.02435
45.23412	11.03098
45.22963	11.04159
45.24411	11.04973
45.19816	11.04703
45.22798	11.04544
45.22442	11.05425
45.23082	11.04917
45.22889	11.06279
45.12641	11.00597
45.1333	11.00283
45.12621	11.02101
45.16142	11.02487
45.15367	11.02436
45.14557	11.03641
45.10975	11.02974
45.10641	11.03045
45.09137	11.03477
45.09192	11.03453
45.12536	11.04255
45.1232	11.05
45.1251	11.0511
45.19187	11.06419
45.18992	11.06734
45.18805	11.07666
45.15007	11.06366
45.13319	11.07171
45.14967	11.08116
45.1507	11.08423
45.15136	11.08356
45.16275	11.08714
45.17759	11.09509
45.26745	11.05764
45.27475	11.07939
45.28849	11.0843
45.24694	11.06701
45.23717	11.0675
45.25371	11.06736
45.25711	11.07501
45.24883	11.06813
45.25812	11.07178
45.27015	11.0887
45.25282	11.09091
45.29339	11.09564
45.31974	11.11102
45.31942	11.12023
45.28137	11.11557
45.29722	11.12651
45.30275	11.12993
45.29613	11.12396
45.31139	11.13431
45.21275	11.09415
45.21216	11.10316
45.23726	11.10126
45.23949	11.1162
45.20271	11.09817
45.20871	11.10936
45.18379	11.10616
45.19832	11.11586
45.2152	11.12101
45.22067	11.12281
45.25448	11.12721
45.25264	11.13389
45.28807	11.1423
45.29243	11.1466
45.30589	11.14893
45.24186	11.14584
45.24775	11.15148
45.26703	11.15223
45.27317	11.16058
45.24942	11.17272
45.26804	11.17902
45.09184	11.04269
45.10127	11.05039
45.09824	11.05581
45.09625	11.057
45.09604	11.05702
45.0852	11.0637
45.08252	11.0639
45.12106	11.08057
45.09563	11.07944
45.09909	11.06511
45.10801	11.08499
45.07506	11.07052
45.06579	11.07989
45.10178	11.09497
45.09539	11.10281
45.13401	11.09969
45.15668	11.09842
45.15316	11.09699
45.13512	11.10893
45.13768	11.11418
45.14175	11.11727
45.16278	11.12027
45.15526	11.11502
45.11672	11.09909
45.10752	11.11698
45.11354	11.12406
45.14049	11.12932
45.1319	11.13225
45.05942	11.08728
45.03745	11.08697
45.06415	11.12075
45.01839	11.10153
45.03404	11.11012
45.02782	11.11357
45.00928	11.1164
45.02345	11.12219
45.0335	11.13198
45.07518	11.12981
45.07776	11.13608
45.09328	11.14005
45.11939	11.14657
45.09783	11.14629
45.06199	11.13897
45.0657	11.16669
45.10684	11.17022
45.08	11.1692
45.18073	11.13388
45.18427	11.13583
45.18981	11.15112
45.18416	11.15184
45.16474	11.15954
45.17393	11.17132
45.21491	11.15747
45.2326	11.16093
45.21289	11.1712
45.22133	11.1827
45.24367	11.18754
45.22711	11.18844
45.20214	11.18581
45.22866	11.19971
45.2133	11.21095
45.20875	11.20414
45.20473	11.20578
45.12238	11.17147
45.1332	11.17741
45.15618	11.18639
45.10537	11.20197
45.1127	11.19823
45.10528	11.20186
45.14117	11.20435
45.14142	11.20904
45.18315	11.19639
45.17822	11.20203
45.17771	11.21555
45.17465	11.21573
45.20244	11.22083
45.19725	11.2226
45.21572	11.22524
45.19144	11.2351
45.14662	11.21471
45.16459	11.22076
45.17059	11.22672
45.16295	11.22191
45.15904	11.24296
45.17564	11.26285
44.83539	10.96964
44.80892	10.9806
44.81159	10.97496
44.79635	10.99656
44.78998	10.99834
44.8168	11.00692
44.8384	11.0096
44.81021	11.01217
44.82468	11.02649
44.82835	11.03089
44.8719	11.00154
44.88238	11.01018
44.90729	11.0333
44.87761	11.02981
44.87681	11.02744
44.8522	11.03266
44.84018	11.02998
44.85017	11.04906
44.87776	11.04383
44.8714	11.04219
44.85864	11.05318
44.85822	11.05695
44.86712	11.05977
44.79597	11.01557
44.77965	11.02456
44.8198	11.03131
44.76733	11.02459
44.75932	11.03238
44.76569	11.03902
44.77976	11.04415
44.77674	11.04792
44.77551	11.06586
44.78034	11.06874
44.83345	11.04788
44.82506	11.06035
44.84373	11.05634
44.85076	11.08573
44.84927	11.08666
44.80438	11.05633
44.80356	11.06709
44.80404	11.06711
44.81888	11.07654
44.79659	11.07302
44.8331	11.09213
44.83828	11.0867
44.83818	11.08682
44.80707	11.09016
44.80783	11.09582
44.81587	11.09577
44.8271	11.09976
44.82407	11.11007
44.90959	11.05395
44.95067	11.07112
44.93918	11.07065
44.95641	11.08161
44.96916	11.09245
44.94936	11.0975
44.97607	11.11075
44.93807	11.12929
44.87713	11.09657
44.85672	11.09115
44.89923	11.10797
44.87602	11.10517
44.88046	11.11061
44.84919	11.09943
44.83848	11.10714
44.83528	11.11311
44.82833	11.10822
44.87321	11.12373
44.86995	11.13304
44.90372	11.13936
44.9097	11.14221
44.92945	11.13998
44.92677	11.14322
44.93329	11.15477
44.93532	11.16208
44.93404	11.15412
44.89696	11.14008
44.89049	11.15449
44.88203	11.15591
44.91306	11.15756
44.91942	11.16314
44.92308	11.16702
44.90596	11.17541
44.73375	11.05405
44.72468	11.06283
44.71655	11.07212
44.72392	11.07957
44.69659	11.074
44.70855	11.06876
44.72848	11.09328
44.73188	11.10364
44.79485	11.10188
44.80793	11.11011
44.81365	11.11062
44.76003	11.10269
44.76079	11.12508
44.76925	11.13698
44.69581	11.0866
44.69529	11.0812
44.70456	11.08849
44.71343	11.09202
44.7166	11.10005
44.73015	11.10749
44.66745	11.09939
44.7021	11.13744
44.72985	11.12333
44.75875	11.14492
44.77349	11.14798
44.77327	11.15068
44.70801	11.14011
44.69524	11.14659
44.71099	11.1635
44.74092	11.15593
44.72064	11.16362
44.72725	11.16851
44.72006	11.16371
44.82301	11.11924
44.8176	11.11875
44.8165	11.11842
44.83256	11.1199
44.80644	11.13947
44.79817	11.14102
44.79826	11.14152
44.80469	11.13494
44.80906	11.14002
44.82269	11.16601
44.8373	11.16205
44.87912	11.1596
44.85952	11.16579
44.89065	11.17099
44.89139	11.19018
44.84304	11.17984
44.84434	11.17649
44.86248	11.18962
44.84782	11.1929
44.86529	11.20197
44.871	11.20694
44.88039	11.21237
44.78026	11.15295
44.76718	11.16278
44.78687	11.17507
44.80624	11.18179
44.79908	11.1996
44.75336	11.17489
44.75407	11.18008
44.76515	11.18639
44.7501	11.18258
44.76339	11.19713
44.77719	11.19945
44.77833	11.18906
44.79125	11.21147
44.79485	11.20868
44.78501	11.21629
44.77718	11.21392
44.81967	11.19891
44.85838	11.22815
44.86412	11.22597
44.83494	11.23139
44.84856	11.23692
44.84848	11.23677
44.80319	11.21138
44.80382	11.22727
44.80159	11.23171
45.01233	11.12933
44.99409	11.13185
44.99137	11.12583
44.99343	11.14321
45.00322	11.14475
45.02451	11.14348
45.02019	11.13234
45.03413	11.14878
45.02711	11.14901
44.98301	11.14195
44.97139	11.13989
44.96415	11.14767
44.97278	11.15269
45.00635	11.16117
45.017	11.16433
44.99351	11.1807
45.04777	11.15711
45.05344	11.16076
45.03861	11.17253
45.07984	11.18053
45.06921	11.19265
45.06348	11.19128
45.06221	11.19111
45.01593	11.18305
45.04119	11.19647
45.0336	11.19704
45.03539	11.20787
45.02845	11.20074
44.95457	11.1528
44.97122	11.18985
44.95892	11.19479
44.9546	11.21973
44.95547	11.21314
45.04123	11.22545
45.01061	11.22412
45.01208	11.2277
45.01605	11.22372
44.98727	11.2315
44.9637	11.22388
44.97634	11.22401
44.98635	11.23417
45.00063	11.23147
44.98476	11.24462
45.00666	11.25719
45.09452	11.20942
45.09956	11.21143
45.09105	11.21046
45.11254	11.21636
45.10277	11.21798
45.10497	11.21812
45.09318	11.22034
45.09602	11.23042
45.09783	11.22281
45.10572	11.2343
45.11593	11.23829
45.06757	11.21736
45.06486	11.21325
45.07842	11.23532
45.08768	11.24148
45.09669	11.24468
45.09227	11.24478
45.10905	11.26169
45.11313	11.26159
45.12032	11.26074
45.1284	11.26097
45.11952	11.26163
45.09683	11.25739
45.09511	11.26772
45.11189	11.26836
45.11955	11.27182
45.10867	11.26866
45.12722	11.28433
45.1174	11.28214
45.11695	11.27863
45.04437	11.22872
45.05336	11.24479
45.04409	11.24432
45.0646	11.25785
45.06161	11.25192
45.06445	11.26883
45.03388	11.26249
45.04493	11.26409
45.05026	11.28373
45.04872	11.28698
45.09542	11.27651
45.07461	11.28302
45.06326	11.29623
45.08891	11.30398
45.08455	11.30866
45.08054	11.31737
45.08996	11.33069
45.09149	11.33381
45.08656	11.33506
44.90889	11.1927
44.90879	11.19257
44.90305	11.20644
44.90655	11.20706
44.90537	11.2008
44.90399	11.2171
44.94038	11.21826
44.93449	11.21042
44.94573	11.2302
44.94575	11.23361
44.94569	11.22446
44.93143	11.23019
44.93953	11.23544
44.88863	11.22351
44.88737	11.22403
44.88331	11.23109
44.91119	11.23728
44.91737	11.24336
44.92063	11.23716
44.90321	11.23662
44.90215	11.24977
44.95172	11.23155
44.95564	11.23233
44.96387	11.24757
44.9603	11.25314
44.97394	11.26889
44.98321	11.27067
44.93755	11.27814
44.94237	11.2803
44.94311	11.28274
44.94736	11.28786
44.94833	11.27825
44.88276	11.25136
44.90278	11.25762
44.88217	11.26085
44.87704	11.26262
44.84396	11.26379
44.83787	11.25765
44.86904	11.28534
44.8711	11.2915
44.92058	11.29304
44.94021	11.30955
44.93324	11.31344
44.94092	11.30746
44.90624	11.29691
44.90179	11.29455
44.88876	11.30877
44.92242	11.32805
44.9084	11.32734
44.99732	11.27891
45.01108	11.27552
45.00786	11.27816
44.98732	11.28187
45.02251	11.29747
45.01029	11.29575
45.01383	11.30663
44.96125	11.29771
44.97577	11.31572
45.02176	11.32015
44.99226	11.32315
44.99295	11.32259
45.04916	11.30639
45.04864	11.30941
45.04889	11.32293
45.06536	11.33286
45.02728	11.32758
45.03313	11.33809
45.03479	11.34577
45.01561	11.35255
45.01632	11.35076
45.04516	11.35841
44.95174	11.30884
44.95555	11.31726
44.9586	11.32623
44.94889	11.32986
44.97293	11.32731
44.995	11.34025
44.96194	11.33477
44.92199	11.34362
45.01487	11.3577
45.01567	11.35737
44.98742	11.35088
44.98674	11.35977
44.99423	11.35964
45.0169	11.37258
45.03228	11.36922
45.02914	11.37174
45.02694	11.3764
44.99213	11.3779
45.35581	11.13204
45.35603	11.13216
45.33991	11.13373
45.34835	11.1342
45.35427	11.14082
45.35796	11.13839
45.37722	11.13683
45.36553	11.1376
45.37487	11.16035
45.34916	11.1495
45.3158	11.15424
45.34942	11.17628
45.35354	11.17783
45.41906	11.17508
45.42704	11.17693
45.42754	11.17943
45.41577	11.18541
45.3702	11.19881
45.39238	11.1951
45.39827	11.20201
45.3918	11.20389
45.3832	11.21287
45.29527	11.16443
45.31087	11.17467
45.33851	11.19178
45.34349	11.18584
45.31889	11.17788
45.32535	11.19695
45.30389	11.18667
45.30912	11.20353
45.32256	11.19995
45.31361	11.20237
45.31348	11.206
45.29708	11.20624
45.3542	11.19237
45.3554	11.19715
45.35297	11.22024
45.35012	11.22263
45.3784	11.21913
45.3917	11.22628
45.32288	11.23314
45.3334	11.23413
45.33481	11.23651
45.343	11.25299
45.43978	11.19414
45.45466	11.20755
45.41791	11.20583
45.44016	11.21528
45.47249	11.21707
45.45977	11.23028
45.42775	11.22234
45.42805	11.22235
45.42378	11.23229
45.43886	11.22756
45.45627	11.2428
45.4336	11.25393
45.4851	11.2397
45.48108	11.2493
45.48505	11.25765
45.50903	11.26017
45.51487	11.26727
45.49575	11.25932
45.46487	11.25945
45.48228	11.27151
45.499	11.28341
45.47079	11.28768
45.40971	11.24333
45.42489	11.26328
45.4092	11.26592
45.41938	11.27231
45.38694	11.26312
45.39022	11.2672
45.38813	11.26308
45.39242	11.27889
45.40845	11.28348
45.40374	11.29039
45.44928	11.27675
45.44492	11.27873
45.4363	11.2829
45.43298	11.28288
45.45552	11.30022
45.45647	11.30109
45.44817	11.29527
45.4173	11.28623
45.40996	11.29316
45.41501	11.29897
45.40648	11.3104
45.45606	11.32434
45.44679	11.31582
45.43636	11.33171
45.27024	11.20114
45.29792	11.2255
45.29693	11.21587
45.23356	11.22418
45.2397	11.24031
45.24449	11.23916
45.27128	11.24194
45.25448	11.24486
45.30393	11.23354
45.32194	11.24235
45.32345	11.23952
45.30719	11.2484
45.30898	11.25428
45.32483	11.25841
45.3432	11.25681
45.33349	11.26106
45.33054	11.27306
45.27474	11.2643
45.29901	11.27217
45.30791	11.29608
45.21156	11.23787
45.21526	11.24816
45.23377	11.25316
45.23808	11.25973
45.23765	11.2548
45.2412	11.27843
45.19545	11.2539
45.18528	11.25508
45.20086	11.26754
45.20397	11.2731
45.19599	11.2769
45.22228	11.27574
45.22441	11.28149
45.21212	11.27886
45.21661	11.28787
45.2657	11.27756
45.25498	11.27717
45.26047	11.29592
45.30085	11.30132
45.30062	11.30559
45.27922	11.32442
45.25155	11.32535
45.25251	11.31439
45.25238	11.32225
45.36111	11.274
45.34443	11.29436
45.36968	11.29025
45.36781	11.29489
45.32653	11.29362
45.33416	11.29338
45.33741	11.29997
45.31802	11.29458
45.34258	11.31869
45.41115	11.31808
45.38911	11.32973
45.40031	11.32978
45.40115	11.32768
45.41303	11.33421
45.41924	11.34893
45.3762	11.33257
45.37781	11.34414
45.396	11.35605
45.40359	11.35297
45.29705	11.31593
45.29822	11.32491
45.3384	11.32935
45.34023	11.32965
45.32663	11.33106
45.32723	11.32848
45.31348	11.33797
45.33646	11.34591
45.28407	11.32574
45.30269	11.34884
45.3028	11.36723
45.34871	11.36498
45.38358	11.383
45.3699	11.39292
45.32809	11.35949
45.33058	11.38834
45.35793	11.39952
45.33135	11.39598
45.34549	11.40032
45.34636	11.39628
45.34717	11.39623
45.54531	11.279
45.53775	11.29522
45.49423	11.30002
45.50335	11.30323
45.5411	11.32605
45.52292	11.32388
45.53096	11.33538
45.56668	11.31342
45.60061	11.34214
45.59481	11.35526
45.54776	11.33733
45.56795	11.34187
45.53941	11.33674
45.54353	11.34354
45.54055	11.34373
45.56836	11.34921
45.56642	11.37054
45.49119	11.31897
45.49936	11.3491
45.4599	11.32452
45.4798	11.34416
45.4888	11.36186
45.48933	11.36185
45.47405	11.3515
45.4849	11.36262
45.4922	11.36726
45.4766	11.36485
45.53648	11.35961
45.53534	11.35941
45.54501	11.36795
45.55151	11.37351
45.54886	11.37141
45.54445	11.37098
45.56739	11.37527
45.52999	11.37637
45.54551	11.38852
45.50817	11.3641
45.51934	11.37314
45.49691	11.37753
45.49441	11.38598
45.50818	11.383
45.5168	11.39309
45.5086	11.39364
45.5269	11.40664
45.60621	11.34714
45.60763	11.35716
45.63925	11.37361
45.64348	11.3716
45.64508	11.37177
45.62413	11.38034
45.63325	11.38653
45.64098	11.38917
45.59912	11.38636
45.6104	11.39656
45.60399	11.39711
45.65408	11.38591
45.67774	11.39445
45.64281	11.3941
45.65818	11.39963
45.6594	11.40643
45.68274	11.40789
45.6799	11.42166
45.62363	11.40905
45.6572	11.42503
45.66355	11.44938
45.5654	11.39378
45.56126	11.3989
45.59133	11.4259
45.54451	11.41834
45.61245	11.43691
45.6075	11.46894
45.60017	11.47242
45.6127	11.48859
45.43831	11.34322
45.46135	11.38252
45.42257	11.36991
45.4258	11.37832
45.40447	11.37266
45.41964	11.38794
45.42015	11.39549
45.42618	11.39188
45.46643	11.39667
45.47275	11.39839
45.48953	11.40977
45.48337	11.4266
45.49773	11.43369
45.4766	11.43586
45.4888	11.44497
45.4839	11.44842
45.48341	11.45112
45.49201	11.44519
45.40005	11.39126
45.4024	11.396
45.38558	11.39598
45.41189	11.41634
45.41151	11.42323
45.41362	11.43018
45.36407	11.40435
45.37591	11.41561
45.36575	11.40948
45.40293	11.4282
45.39416	11.44181
45.44106	11.42872
45.45356	11.45917
45.46308	11.46263
45.42328	11.45327
45.45281	11.47867
45.43187	11.47399
45.51266	11.43827
45.52564	11.44305
45.51863	11.44359
45.56442	11.45359
45.55852	11.46025
45.54713	11.46847
45.49503	11.44868
45.49057	11.4549
45.49876	11.46584
45.51561	11.4787
45.58632	11.47642
45.56173	11.47278
45.57233	11.48711
45.59146	11.48751
45.58692	11.50283
45.54701	11.48628
45.55143	11.47427
45.53794	11.48324
45.54328	11.50149
45.59012	11.5093
45.57279	11.51868
45.58049	11.52089
45.48784	11.45949
45.48455	11.46675
45.50937	11.47689
45.52145	11.48714
45.49527	11.49576
45.46621	11.49054
45.47424	11.49482
45.45028	11.49117
45.45096	11.48559
45.46279	11.50872
45.49925	11.50868
45.48417	11.51036
45.47541	11.51471
45.47563	11.5223
45.48313	11.5266
45.53782	11.51437
45.53131	11.52067
45.52525	11.51433
45.55813	11.538
45.49602	11.51892
45.51631	11.52265
45.51225	11.54039
45.54103	11.54281
45.51518	11.54781
45.52512	11.55281
45.53065	11.553
45.52692	11.55591
45.52513	11.55837
45.18295	11.28044
45.17832	11.28
45.19592	11.2819
45.18199	11.2945
45.20741	11.29936
45.20945	11.30242
45.17904	11.29935
45.1731	11.32214
45.16659	11.32355
45.23094	11.31383
45.24972	11.32742
45.21171	11.34344
45.20646	11.33238
45.1849	11.34626
45.20733	11.34755
45.19905	11.35371
45.22638	11.35168
45.22456	11.35216
45.23735	11.35914
45.21053	11.35067
45.13843	11.31667
45.12733	11.31803
45.16182	11.3291
45.1637	11.3299
45.16033	11.32832
45.15186	11.3404
45.14889	11.35236
45.11295	11.33339
45.10457	11.34223
45.09758	11.34266
45.14895	11.35751
45.1362	11.35836
45.12657	11.35564
45.12849	11.36257
45.1783	11.351
45.1614	11.35628
45.16178	11.35276
45.17597	11.37085
45.20848	11.36903
45.20303	11.37866
45.20988	11.37457
45.20768	11.37371
45.21145	11.37526
45.15434	11.36778
45.17179	11.37404
45.17238	11.37527
45.14391	11.37811
45.15928	11.39107
45.17619	11.37758
45.16891	11.38895
45.26012	11.34586
45.27246	11.35159
45.26016	11.37311
45.26946	11.37596
45.24047	11.37398
45.23643	11.36725
45.2246	11.38033
45.24356	11.39377
45.26157	11.38209
45.2753	11.40085
45.25098	11.39587
45.26841	11.40843
45.30783	11.38169
45.31094	11.38695
45.31213	11.39517
45.29462	11.39339
45.30799	11.41358
45.33161	11.43036
45.28493	11.4138
45.31237	11.42501
45.30995	11.44933
45.23254	11.40559
45.23975	11.40098
45.25613	11.41527
45.24374	11.41417
45.2406	11.42285
45.20058	11.4141
45.20188	11.41559
45.21729	11.41883
45.23386	11.43271
45.26429	11.41915
45.25768	11.42756
45.27762	11.43607
45.28011	11.44057
45.29336	11.44878
45.26975	11.44928
45.28686	11.46567
45.25262	11.46155
45.23162	11.44878
45.23713	11.45151
45.28224	11.47061
45.27405	11.47676
45.07907	11.36489
45.08728	11.36154
45.12812	11.3751
45.10745	11.38955
45.10886	11.39142
45.06587	11.36754
45.04488	11.37681
45.04775	11.37724
45.10179	11.3961
45.07653	11.39598
45.08523	11.40224
45.11851	11.39043
45.15722	11.41494
45.13892	11.41696
45.10257	11.40322
45.09321	11.41661
45.13452	11.42013
45.11962	11.43001
45.12703	11.43296
45.04076	11.40345
45.05857	11.40614
45.05405	11.40656
45.05464	11.41311
45.05341	11.40991
45.05886	11.42329
45.06155	11.42714
45.03505	11.41215
45.01488	11.41463
45.08702	11.42482
45.09447	11.42729
45.09449	11.43225
45.07581	11.4339
45.11448	11.43927
45.11657	11.44886
45.09546	11.4486
45.10349	11.45605
45.06693	11.44625
45.07464	11.44353
45.078	11.45
45.08361	11.45365
45.08083	11.45131
45.08876	11.48577
45.21245	11.4494
45.21473	11.4497
45.15875	11.4473
45.16687	11.4476
45.14822	11.45014
45.14257	11.44954
45.16094	11.46298
45.16497	11.47233
45.20735	11.46883
45.2011	11.4726
45.23939	11.479
45.24808	11.49072
45.25459	11.49515
45.25662	11.48635
45.20711	11.49273
45.17808	11.48975
45.21773	11.50808
45.22388	11.51229
45.21017	11.51509
45.14138	11.46699
45.16752	11.49019
45.15712	11.50562
45.11199	11.48721
45.11333	11.488
45.09478	11.49522
45.11191	11.49611
45.14891	11.51431
45.12988	11.50859
45.135	11.51842
45.1764	11.49854
45.16188	11.50661
45.16181	11.51664
45.17647	11.52293
45.2155	11.52973
45.20145	11.53826
45.16499	11.53583
45.14496	11.53669
45.17867	11.54184
45.17924	11.54707
45.18109	11.55184
45.16556	11.55654
45.17364	11.56084
45.35431	11.42423
45.35691	11.44326
45.3513	11.45111
45.35585	11.44226
45.33855	11.45757
45.31197	11.45666
45.35508	11.46467
45.36114	11.47629
45.3884	11.48263
45.4346	11.48818
45.39822	11.48999
45.41621	11.49166
45.39354	11.49095
45.36192	11.48559
45.36088	11.49653
45.36363	11.4919
45.36128	11.49064
45.37279	11.49377
45.40636	11.5196
45.39475	11.52812
45.3091	11.46554
45.31185	11.46901
45.29303	11.46754
45.30167	11.48005
45.31117	11.49426
45.32036	11.48901
45.3354	11.4989
45.33873	11.50009
45.29723	11.49385
45.29011	11.48893
45.31114	11.4997
45.30489	11.50572
45.32936	11.51031
45.36636	11.51142
45.3638	11.51283
45.34283	11.51964
45.38007	11.53535
45.3342	11.52055
45.33213	11.54167
45.32821	11.5317
45.33193	11.54144
45.36815	11.55288
45.34402	11.55351
45.33389	11.54706
45.35671	11.55368
45.35161	11.56012
45.4536	11.50517
45.42341	11.50729
45.42342	11.51327
45.42916	11.51764
45.43643	11.52309
45.46648	11.53255
45.44819	11.53133
45.44656	11.52567
45.42221	11.52456
45.43167	11.52583
45.4184	11.53865
45.4486	11.53948
45.44993	11.54187
45.45051	11.5545
45.43704	11.54741
45.47718	11.55777
45.48237	11.56125
45.47973	11.55312
45.5044	11.57326
45.48046	11.56868
45.44728	11.56269
45.48226	11.57456
45.4964	11.59072
45.47076	11.5871
45.38712	11.54777
45.37568	11.54871
45.37215	11.55602
45.38379	11.57452
45.36831	11.58091
45.40705	11.58309
45.38553	11.5952
45.44077	11.57339
45.44878	11.57992
45.42962	11.58023
45.43262	11.58344
45.4425	11.59063
45.44243	11.59521
45.4411	11.60222
45.4409	11.60234
45.4699	11.60958
45.45287	11.60415
45.4548	11.61412
45.46959	11.61389
45.41596	11.59392
45.41117	11.60732
45.41619	11.62167
45.44748	11.62809
45.44682	11.63272
45.44703	11.63327
45.25688	11.51579
45.26862	11.52461
45.29792	11.52505
45.29291	11.53518
45.3037	11.53059
45.27665	11.53434
45.29438	11.54004
45.22624	11.52396
45.22982	11.53358
45.24322	11.54557
45.26639	11.54477
45.25202	11.53949
45.25653	11.55082
45.30823	11.54298
45.3151	11.54322
45.31445	11.54334
45.31575	11.54848
45.30804	11.56121
45.33956	11.57171
45.31044	11.56864
45.3226	11.57536
45.2916	11.56013
45.29376	11.56363
45.27268	11.57368
45.31854	11.58921
45.31193	11.59773
45.23527	11.5575
45.22924	11.57039
45.23441	11.56656
45.19945	11.55202
45.20051	11.57676
45.21134	11.57747
45.21824	11.59509
45.27058	11.57445
45.27008	11.5958
45.25009	11.60245
45.2438	11.60684
45.25723	11.609
45.26674	11.61433
45.27371	11.6309
45.24992	11.63028
45.2639	11.63077
45.34644	11.57448
45.36851	11.59041
45.36744	11.58203
45.3626	11.6047
45.36997	11.61603
45.31506	11.60876
45.32027	11.60266
45.32649	11.61752
45.36231	11.63189
45.34004	11.62713
45.39314	11.63625
45.41157	11.63848
45.40262	11.64383
45.41082	11.65037
45.41842	11.66095
45.37194	11.62908
45.3727	11.65528
45.3667	11.65205
45.37779	11.6501
45.40517	11.65612
45.40262	11.65755
45.38827	11.65751
45.3125	11.62205
45.32484	11.62678
45.30364	11.62145
45.29057	11.62467
45.28913	11.62529
45.32742	11.62778
45.33637	11.64058
45.32967	11.65635
45.30584	11.64491
45.26895	11.64056
45.31071	11.6533
45.31344	11.66727
45.32296	11.66656
45.31626	11.66648
45.30378	11.67206
45.35411	11.66264
45.35876	11.67345
45.35762	11.67336
45.38072	11.66947
45.3842	11.68806
45.36079	11.67703
45.37554	11.69827
45.33365	11.6768
45.32426	11.66836
45.31765	11.67706
45.35886	11.70256
44.6501	11.11308
44.66887	11.13071
44.63284	11.12491
44.64026	11.1358
44.64125	11.14159
44.66055	11.13902
44.67578	11.14235
44.66122	11.13888
44.67337	11.13748
44.62376	11.13249
44.63415	11.15088
44.63718	11.14133
44.62756	11.1624
44.6442	11.15498
44.62837	11.16783
44.68137	11.17368
44.68505	11.1667
44.72606	11.1807
44.72687	11.18642
44.70344	11.18849
44.67333	11.18778
44.69135	11.18638
44.66848	11.19465
44.68096	11.20631
44.68829	11.21611
44.6843	11.21353
44.60846	11.17545
44.62336	11.17624
44.64476	11.18808
44.62944	11.19215
44.63083	11.20123
44.57724	11.17372
44.58128	11.1809
44.57727	11.18542
44.57876	11.19877
44.60208	11.19542
44.61701	11.20091
44.60175	11.20391
44.59456	11.21361
44.59178	11.20932
44.60812	11.21608
44.64677	11.20417
44.65194	11.20617
44.65792	11.22829
44.62686	11.20847
44.62273	11.21854
44.65496	11.24577
44.73813	11.19581
44.73902	11.2073
44.7416	11.20852
44.72471	11.21122
44.7375	11.2233
44.73673	11.20873
44.73864	11.21914
44.75066	11.21813
44.75731	11.23998
44.7552	11.23947
44.72791	11.23219
44.7111	11.22237
44.78895	11.25514
44.79895	11.24726
44.77265	11.28675
44.77945	11.28743
44.77297	11.2899
44.68833	11.25524
44.69847	11.25211
44.69263	11.25316
44.67129	11.25895
44.68276	11.2689
44.6605	11.27256
44.69794	11.28599
44.73332	11.28822
44.76115	11.2864
44.70607	11.29285
44.72665	11.30582
44.71057	11.31133
44.74648	11.31602
44.55732	11.19278
44.56875	11.20141
44.54699	11.20806
44.55955	11.22357
44.58178	11.21835
44.58501	11.23424
44.53298	11.21273
44.5249	11.21925
44.52834	11.22343
44.5409	11.23017
44.53827	11.24222
44.57417	11.24529
44.55063	11.23804
44.5582	11.24696
44.60497	11.23826
44.60081	11.24346
44.61	11.2496
44.62517	11.24736
44.6214	11.24857
44.63027	11.25148
44.63159	11.26597
44.60815	11.26588
44.57468	11.25556
44.60234	11.2617
44.58711	11.26118
44.57195	11.27024
44.6133	11.27808
44.53281	11.24025
44.49943	11.24308
44.52986	11.27398
44.49348	11.24526
44.49303	11.24706
44.49083	11.25484
44.51089	11.25957
44.51597	11.28429
44.50831	11.29028
44.51741	11.29386
44.55227	11.27146
44.58629	11.29077
44.57092	11.29894
44.57877	11.30259
44.57567	11.30151
44.58409	11.31735
44.52556	11.30162
44.52309	11.2982
44.55555	11.31048
44.55549	11.32069
44.64897	11.28219
44.64173	11.2762
44.65276	11.28659
44.65709	11.29146
44.65174	11.30315
44.66806	11.30431
44.66293	11.31176
44.6273	11.2834
44.6294	11.31134
44.64385	11.30596
44.65703	11.32124
44.65642	11.32446
44.64793	11.328
44.69218	11.31629
44.70374	11.3138
44.70358	11.31367
44.70892	11.32852
44.71343	11.32393
44.72227	11.33669
44.71957	11.34187
44.6724	11.33871
44.66113	11.33295
44.69424	11.36585
44.68489	11.36624
44.59866	11.31335
44.60887	11.31361
44.61288	11.33598
44.59624	11.34097
44.59255	11.33541
44.5647	11.33726
44.56484	11.33933
44.59965	11.34443
44.59964	11.34415
44.60673	11.34555
44.62512	11.35793
44.61926	11.35354
44.59711	11.35536
44.64953	11.34486
44.65293	11.35947
44.63907	11.35062
44.63883	11.35415
44.62733	11.3577
44.66953	11.36995
44.62082	11.3717
44.64267	11.38022
44.6172	11.37101
44.65084	11.38099
44.65425	11.40559
44.82291	11.29287
44.79919	11.28597
44.79218	11.29266
44.79163	11.30899
44.79964	11.31187
44.80598	11.31326
44.82616	11.30459
44.83485	11.31673
44.81413	11.3157
44.81341	11.32825
44.86807	11.32317
44.8912	11.32364
44.89104	11.3381
44.85056	11.33632
44.86166	11.34185
44.88556	11.35671
44.87616	11.36276
44.86091	11.35414
44.86937	11.36638
44.78152	11.3159
44.79238	11.31573
44.79698	11.32451
44.77805	11.33649
44.7773	11.33595
44.77992	11.32194
44.81185	11.34761
44.76174	11.32604
44.78944	11.35631
44.78105	11.36102
44.82022	11.34643
44.84389	11.35926
44.84256	11.35859
44.84173	11.36144
44.82021	11.35984
44.80971	11.3616
44.81259	11.35715
44.84051	11.37466
44.83928	11.37915
44.8154	11.3756
44.78495	11.37803
44.79177	11.38036
44.82304	11.37898
44.81784	11.40908
44.90461	11.34665
44.91867	11.35785
44.90145	11.36586
44.94333	11.38152
44.93281	11.37907
44.9023	11.36875
44.90891	11.37981
44.889	11.39191
44.91558	11.38393
44.90654	11.40134
44.90873	11.40247
44.90811	11.40067
44.94019	11.39131
44.95927	11.40011
44.97934	11.39753
44.93956	11.40111
44.93291	11.40867
44.91662	11.41495
44.9566	11.42594
44.97219	11.43138
44.96042	11.43295
44.97059	11.43856
44.94343	11.43534
44.9506	11.43862
44.88125	11.39427
44.86708	11.40876
44.8704	11.40381
44.89878	11.41761
44.88408	11.41464
44.8953	11.42934
44.85639	11.41038
44.83628	11.41637
44.87213	11.42299
44.85965	11.42424
44.85624	11.43322
44.91305	11.41648
44.90735	11.4389
44.91927	11.44881
44.9245	11.44792
44.88927	11.43642
44.90853	11.45571
44.89231	11.46782
44.90374	11.4706
44.73416	11.36376
44.77126	11.38373
44.76286	11.38612
44.75945	11.39409
44.71777	11.36447
44.724	11.37422
44.73137	11.39527
44.74262	11.40303
44.73472	11.40485
44.8065	11.42165
44.79343	11.42453
44.74601	11.41591
44.74752	11.4199
44.79288	11.42785
44.7872	11.43018
44.76033	11.43455
44.78269	11.44976
44.70838	11.4006
44.72554	11.41451
44.72539	11.4084
44.70284	11.42259
44.70766	11.41878
44.67815	11.41915
44.66293	11.42061
44.7055	11.4298
44.73825	11.44743
44.76186	11.45468
44.74619	11.45735
44.74517	11.45744
44.72678	11.45198
44.70854	11.45085
44.70386	11.44741
44.74009	11.46853
44.73618	11.45425
44.75066	11.47617
44.74318	11.47955
44.83489	11.43046
44.84344	11.43426
44.81509	11.42976
44.81222	11.43322
44.81585	11.43954
44.85641	11.44664
44.83833	11.44712
44.83719	11.45131
44.84969	11.46818
44.83286	11.47669
44.81727	11.46885
44.81496	11.47727
44.86875	11.46834
44.86308	11.46459
44.89111	11.48177
44.88594	11.49018
44.89096	11.50372
44.84805	11.47646
44.83155	11.49618
44.86815	11.49178
44.86917	11.50604
44.86336	11.50325
44.86556	11.5028
44.77929	11.45541
44.77878	11.48784
44.80404	11.48506
44.81951	11.49406
44.8116	11.48934
44.76684	11.49572
44.74439	11.48723
44.78115	11.50031
44.787	11.49888
44.82404	11.50168
44.82635	11.50042
44.8184	11.51261
44.84263	11.52074
44.84214	11.52199
44.8428	11.52626
44.82927	11.53332
44.83777	11.53494
44.80167	11.52609
44.81524	11.53541
44.81364	11.53593
44.80175	11.54244
44.80252	11.53206
44.83629	11.54651
44.8061	11.55152
44.81262	11.55707
44.80887	11.54555
44.82001	11.56223
44.82736	11.5625
44.82869	11.55235
44.8241	11.55197
44.47438	11.2673
44.48263	11.28616
44.45706	11.28614
44.47093	11.28407
44.50156	11.29896
44.50773	11.30699
44.48453	11.31594
44.53448	11.31951
44.5552	11.34114
44.52781	11.33145
44.52353	11.34139
44.53805	11.34553
44.50105	11.32751
44.49717	11.33112
44.48485	11.33466
44.48886	11.34308
44.53343	11.36214
44.51315	11.3699
44.52419	11.36947
44.51937	11.37431
44.43151	11.33473
44.45043	11.34111
44.40952	11.33792
44.39654	11.33388
44.41336	11.35511
44.47639	11.35843
44.46406	11.36733
44.48903	11.36523
44.49445	11.37223
44.49679	11.3909
44.4543	11.36982
44.45591	11.37334
44.46766	11.39112
44.48721	11.3907
44.5712	11.36207
44.55177	11.3532
44.58855	11.38454
44.59093	11.38638
44.52964	11.36775
44.53709	11.37566
44.52498	11.37644
44.54683	11.38562
44.54785	11.39263
44.59215	11.39639
44.59762	11.40754
44.63375	11.4056
44.6226	11.40892
44.62488	11.40846
44.63885	11.42062
44.58329	11.40978
44.58344	11.41073
44.59282	11.41236
44.60785	11.41869
44.60804	11.42216
44.60549	11.4334
44.62034	11.43809
44.51191	11.39989
44.50851	11.40058
44.53936	11.39895
44.53223	11.414
44.5335	11.41419
44.52538	11.40914
44.49495	11.40512
44.47918	11.41188
44.49046	11.41673
44.51969	11.42146
44.52009	11.42777
44.51707	11.43011
44.49905	11.4336
44.50374	11.42993
44.55733	11.41905
44.59222	11.4557
44.57845	11.4605
44.5774	11.46208
44.53055	11.44312
44.52473	11.44892
44.54708	11.46252
44.56652	11.46392
44.56252	11.46804
44.55012	11.47586
44.39673	11.36499
44.37297	11.36235
44.37965	11.36956
44.39823	11.36888
44.40558	11.37782
44.34952	11.37944
44.3574	11.38742
44.37687	11.38445
44.37968	11.38864
44.36794	11.39189
44.38137	11.40558
44.43446	11.39099
44.43635	11.39533
44.41593	11.39116
44.45616	11.40494
44.45397	11.42654
44.39623	11.40803
44.41613	11.4325
44.40961	11.43606
44.42352	11.44558
44.3502	11.38735
44.3519	11.40132
44.37567	11.41765
44.33781	11.41263
44.33179	11.41835
44.33139	11.41635
44.30642	11.40905
44.32111	11.42736
44.3169	11.42417
44.39142	11.42709
44.37488	11.42753
44.39083	11.43998
44.4189	11.45225
44.40602	11.45349
44.40444	11.46055
44.37864	11.45357
44.36673	11.46522
44.3903	11.46432
44.37997	11.46848
44.48484	11.42937
44.47754	11.4373
44.47337	11.43967
44.50361	11.44382
44.50885	11.45842
44.48226	11.45186
44.45863	11.44684
44.44169	11.4561
44.47719	11.46991
44.48851	11.4688
44.52901	11.47264
44.52755	11.4762
44.53097	11.48096
44.54438	11.49935
44.53993	11.50825
44.53761	11.50169
44.48964	11.47635
44.49085	11.49104
44.51971	11.49935
44.51488	11.50346
44.51304	11.51903
44.42926	11.46817
44.43659	11.46497
44.44874	11.48306
44.45276	11.4932
44.39023	11.49229
44.39082	11.49243
44.41396	11.49774
44.42843	11.49389
44.42965	11.49588
44.42435	11.51088
44.42307	11.51196
44.4324	11.51476
44.47486	11.52241
44.49388	11.52694
44.49457	11.51741
44.47638	11.52614
44.48679	11.52413
44.491	11.54402
44.4876	11.53854
44.45794	11.53048
44.44874	11.53017
44.44617	11.53248
44.48347	11.54018
44.4844	11.54831
44.488	11.54911
44.63991	11.42236
44.66062	11.42762
44.67234	11.43695
44.68317	11.4487
44.65504	11.45244
44.62579	11.45073
44.63142	11.44599
44.61305	11.45011
44.64132	11.47821
44.68381	11.4702
44.6887	11.47588
44.71932	11.47828
44.73441	11.49153
44.70717	11.49323
44.67766	11.50142
44.67845	11.51702
44.69113	11.5265
44.70019	11.518
44.59675	11.46759
44.64502	11.4927
44.62079	11.49355
44.58283	11.48905
44.58804	11.50463
44.66361	11.52233
44.67684	11.52287
44.65851	11.53002
44.63852	11.52222
44.61434	11.53279
44.61507	11.52842
44.61989	11.53563
44.64101	11.5383
44.6542	11.55622
44.73876	11.51027
44.75942	11.5149
44.75751	11.52469
44.75164	11.53019
44.75148	11.53489
44.74753	11.53673
44.75514	11.53511
44.71977	11.52
44.71922	11.5186
44.73107	11.54136
44.75364	11.54824
44.78722	11.54839
44.78788	11.55805
44.81043	11.55851
44.81381	11.5647
44.78871	11.57397
44.7641	11.5549
44.77196	11.56078
44.75453	11.56855
44.76156	11.57366
44.75531	11.57468
44.78993	11.58458
44.68305	11.54628
44.68731	11.5486
44.681	11.55421
44.69012	11.56248
44.73051	11.56494
44.67932	11.56286
44.68251	11.57656
44.70734	11.58098
44.71173	11.58544
44.70905	11.58493
44.6981	11.59095
44.69813	11.59344
44.72916	11.58318
44.73157	11.58504
44.72687	11.58944
44.75872	11.59923
44.76489	11.59545
44.77332	11.59973
44.74868	11.59735
44.75599	11.6037
44.75267	11.60734
44.75274	11.60934
44.72054	11.60952
44.72505	11.59995
44.70653	11.60355
44.69627	11.60511
44.73161	11.6306
44.57132	11.51203
44.58077	11.50944
44.56395	11.50888
44.55397	11.51127
44.54793	11.51285
44.59086	11.51823
44.58461	11.53124
44.53376	11.51927
44.53936	11.51244
44.51982	11.53201
44.53919	11.53464
44.53211	11.53841
44.5328	11.53687
44.55894	11.55055
44.58539	11.54785
44.60593	11.55181
44.6417	11.57078
44.63208	11.57466
44.59135	11.55952
44.58692	11.58005
44.61362	11.58185
44.61645	11.58625
44.60633	11.59028
44.52278	11.55512
44.54268	11.55804
44.54342	11.5542
44.54137	11.55334
44.5228	11.57091
44.53755	11.5697
44.54409	11.57574
44.54254	11.57901
44.49005	11.55265
44.49319	11.58032
44.52383	11.5767
44.529	11.59314
44.54263	11.58334
44.55767	11.59672
44.59206	11.60872
44.56775	11.59989
44.56655	11.60313
44.58389	11.61096
44.58376	11.61067
44.58213	11.62007
44.58063	11.62148
44.58198	11.62171
44.53067	11.59793
44.5647	11.62683
44.56912	11.62261
44.55174	11.61963
44.54137	11.62374
44.55009	11.63272
44.62845	11.58717
44.64177	11.59843
44.65282	11.60149
44.64316	11.5957
44.67356	11.60038
44.68599	11.60597
44.64336	11.61518
44.64378	11.62049
44.69792	11.61358
44.70189	11.61714
44.70879	11.62255
44.70218	11.62447
44.67952	11.62527
44.68863	11.63868
44.68747	11.64192
44.68852	11.64197
44.67881	11.65396
44.58748	11.62447
44.59897	11.6253
44.59947	11.62504
44.59627	11.64345
44.56651	11.63994
44.58549	11.64654
44.61975	11.65776
44.59408	11.66523
44.59687	11.67341
44.65947	11.66286
44.63747	11.65587
44.64266	11.66254
44.6742	11.67721
44.61475	11.6834
44.62259	11.68559
44.64431	11.70555
44.65058	11.70609
44.6485	11.71913
45.00148	11.42871
45.01129	11.4253
45.0261	11.44956
45.00688	11.45751
44.98099	11.45063
44.99204	11.45487
44.97492	11.4574
44.97501	11.45658
44.99874	11.4637
44.98497	11.47025
45.0527	11.47247
45.03286	11.4804
45.05031	11.48348
45.06413	11.47909
45.06648	11.48419
45.05964	11.48685
45.06139	11.49911
45.06082	11.50312
45.03388	11.4852
45.02322	11.49921
45.04399	11.5029
44.96044	11.4671
44.96986	11.47567
44.94107	11.46957
44.98003	11.48727
44.94192	11.48352
44.93862	11.49216
44.93621	11.49302
44.93761	11.49374
44.92037	11.49283
44.95221	11.50031
44.94438	11.51884
44.95381	11.51644
45.02145	11.51875
45.02078	11.51946
45.02014	11.54391
45.02844	11.53544
44.9696	11.51852
44.98653	11.53532
45.00181	11.53631
44.99017	11.54051
45.08026	11.50121
45.09132	11.5012
45.0929	11.52358
45.08597	11.52305
45.11198	11.51271
45.11342	11.53057
45.06824	11.51325
45.09372	11.55237
45.07903	11.55073
45.12177	11.54434
45.11949	11.54067
45.15754	11.56898
45.14965	11.56633
45.13918	11.56391
45.15471	11.58466
45.11453	11.55287
45.10278	11.56226
45.12632	11.57589
45.14777	11.58745
45.12164	11.58418
45.11922	11.57887
45.04621	11.54939
45.03951	11.54771
45.03906	11.5622
45.07468	11.5583
45.04752	11.56946
45.04729	11.56946
45.01697	11.56104
45.02768	11.57228
45.02988	11.58996
45.04755	11.60039
45.08532	11.57926
45.10202	11.58906
45.10702	11.58452
45.09423	11.59893
45.08476	11.59581
45.11659	11.59891
45.06215	11.6082
45.05659	11.61466
45.10317	11.62715
45.08556	11.63891
45.08621	11.6315
44.92066	11.51716
44.92261	11.51006
44.90904	11.51594
44.94309	11.53565
44.93157	11.54496
44.88493	11.5415
44.89465	11.54271
44.92164	11.55199
44.90107	11.5465
44.90574	11.54958
44.96704	11.55327
44.95198	11.54613
44.98223	11.55473
44.97691	11.55502
44.97589	11.56699
44.94322	11.56737
44.92917	11.56644
44.91693	11.57099
44.9292	11.57621
44.96517	11.59379
44.87722	11.55218
44.88249	11.55411
44.88831	11.55262
44.88674	11.55343
44.90486	11.56443
44.85736	11.58764
44.91196	11.57013
44.90159	11.57932
44.92794	11.59726
44.93533	11.60733
44.92451	11.61399
44.92427	11.61433
44.88825	11.59703
44.89662	11.60786
44.8818	11.61055
44.89611	11.61965
44.9928	11.58926
44.9941	11.59909
45.02007	11.59497
45.01711	11.59852
45.02551	11.61699
44.98502	11.5931
44.9867	11.60206
44.98809	11.61242
44.96734	11.60756
44.97609	11.61062
44.9834	11.61394
44.99804	11.61153
45.00695	11.63507
45.0767	11.65075
45.02361	11.62796
45.03844	11.64209
45.01691	11.64505
45.01273	11.64641
45.01643	11.65246
45.04305	11.65001
45.03356	11.6707
45.04495	11.67294
44.9632	11.62659
44.96484	11.63517
44.95522	11.62668
44.99406	11.64066
44.95852	11.64233
44.96414	11.64505
44.93291	11.62734
44.91839	11.64296
44.93291	11.64751
44.92819	11.65716
44.96503	11.66128
44.94832	11.66027
44.95006	11.66876
44.94827	11.67157
45.00755	11.66082
44.98938	11.66108
44.98529	11.66177
44.99547	11.67627
45.01436	11.68549
45.02233	11.69605
44.97752	11.67558
44.99022	11.6758
44.98948	11.67395
45.1753	11.57534
45.1901	11.58861
45.19212	11.59092
45.20754	11.60026
45.15286	11.61887
45.18265	11.62677
45.16151	11.62998
45.1694	11.61989
45.23705	11.62398
45.2164	11.62478
45.2291	11.63267
45.24075	11.63891
45.25505	11.64927
45.24664	11.64247
45.1986	11.64264
45.21778	11.64296
45.12232	11.61508
45.12532	11.62126
45.12215	11.63217
45.15683	11.63233
45.14804	11.64261
45.13855	11.64526
45.12419	11.64371
45.10977	11.64553
45.13839	11.6553
45.13716	11.65484
45.1384	11.66596
45.12857	11.66727
45.14207	11.67244
45.18767	11.66915
45.18702	11.66896
45.16554	11.65579
45.19185	11.67915
45.1882	11.67817
45.14289	11.68333
45.16177	11.70009
45.17599	11.70419
45.27811	11.65729
45.29939	11.68247
45.28644	11.69558
45.25642	11.68837
45.27697	11.69912
45.27187	11.70488
45.24657	11.69736
45.33945	11.71158
45.33868	11.72593
45.31084	11.72017
45.3316	11.72614
45.33703	11.72745
45.29583	11.72341
45.30479	11.71749
45.3087	11.72254
45.3085	11.73496
45.31653	11.74471
45.29302	11.74397
45.21829	11.69315
45.22709	11.70785
45.2474	11.72032
45.25129	11.71501
45.23071	11.72154
45.23102	11.72301
45.2219	11.72059
45.24512	11.72334
45.19578	11.71006
45.18571	11.7204
45.23223	11.73927
45.22862	11.73791
45.21422	11.73882
45.27021	11.73305
45.25975	11.73966
45.28616	11.75061
45.26607	11.75651
45.23959	11.7491
45.24306	11.7509
45.24865	11.75219
45.23539	11.75812
45.24558	11.76233
45.07754	11.65618
45.08465	11.66541
45.11015	11.68087
45.11113	11.69409
45.05868	11.67738
45.05439	11.67292
45.07519	11.68984
45.09126	11.69571
45.13457	11.69693
45.12297	11.69111
45.12911	11.69313
45.1301	11.68929
45.1406	11.69781
45.1444	11.70012
45.12222	11.69948
45.13755	11.70903
45.13413	11.71903
45.15281	11.71993
45.12439	11.73105
45.11271	11.73853
45.11799	11.73922
45.12082	11.7317
45.12276	11.74258
45.03866	11.68642
45.03372	11.70059
45.03824	11.70999
45.08037	11.71628
45.05731	11.72628
45.04414	11.73521
45.08304	11.72832
45.10201	11.73438
45.11539	11.76173
45.06918	11.74919
45.08794	11.7869
45.1824	11.72671
45.18251	11.72687
45.18641	11.73234
45.18422	11.74045
45.15935	11.73555
45.15565	11.7372
45.17088	11.75204
45.19951	11.75266
45.19519	11.74399
45.21141	11.76494
45.19587	11.77224
45.16118	11.75901
45.15233	11.76504
45.15424	11.76774
45.18692	11.76962
45.18005	11.77388
45.17252	11.78201
45.22373	11.76762
45.23121	11.78339
45.20977	11.77428
45.21323	11.77446
45.20261	11.77589
45.21351	11.77446
45.24226	11.78408
45.25434	11.79725
45.21516	11.80326
45.22175	11.82674
45.11837	11.78227
45.12974	11.77654
45.15751	11.78712
45.17335	11.79706
45.14235	11.79952
45.11682	11.78358
45.12278	11.79059
45.09565	11.79723
45.09514	11.79692
45.13875	11.81705
45.13896	11.81652
45.12153	11.81868
45.17369	11.80274
45.16529	11.8075
45.18012	11.82245
45.17789	11.82283
45.18923	11.82788
45.14287	11.83777
45.14626	11.83063
45.16263	11.84361
45.14578	11.84273
44.81776	11.57488
44.82372	11.57516
44.82752	11.57275
44.82712	11.59494
44.84938	11.59366
44.83734	11.60822
44.83155	11.60797
44.82666	11.60418
44.83118	11.60095
44.80909	11.60549
44.79371	11.59964
44.79321	11.59989
44.79045	11.59922
44.7936	11.61351
44.82575	11.60825
44.81529	11.62199
44.81356	11.63276
44.86543	11.61717
44.85805	11.62206
44.88939	11.63676
44.84159	11.63622
44.83175	11.64228
44.84703	11.65619
44.86685	11.65534
44.85737	11.66274
44.77253	11.61282
44.7879	11.62608
44.79769	11.63258
44.79008	11.64324
44.75924	11.62618
44.75289	11.63452
44.76216	11.65101
44.75735	11.64998
44.78244	11.65158
44.77686	11.6743
44.77745	11.67688
44.82083	11.6491
44.8441	11.6631
44.81968	11.65985
44.81127	11.66403
44.81542	11.67325
44.84079	11.66882
44.8381	11.67076
44.85475	11.67468
44.85785	11.69052
44.83607	11.67364
44.80796	11.67297
44.79881	11.66585
44.81564	11.68982
44.83513	11.70162
44.91887	11.68681
44.88863	11.67166
44.88893	11.67829
44.87722	11.68457
44.90895	11.69034
44.90853	11.69547
44.9297	11.69748
44.90392	11.704
44.9563	11.69344
44.9704	11.70539
44.94469	11.70244
44.95506	11.71413
44.96312	11.71196
44.96005	11.71612
44.96305	11.7118
44.97659	11.71404
44.97523	11.71046
44.97418	11.72369
44.97461	11.73379
44.93228	11.71354
44.92739	11.71801
44.9518	11.73397
44.97516	11.73833
44.95946	11.74516
44.95635	11.7558
44.95439	11.74558
44.95814	11.74319
44.87625	11.6951
44.87573	11.70183
44.87373	11.70797
44.87242	11.71178
44.89436	11.71467
44.90351	11.71888
44.85355	11.70833
44.83847	11.71595
44.8419	11.73093
44.86776	11.72447
44.85247	11.73948
44.90834	11.72515
44.92863	11.74608
44.92664	11.74625
44.89272	11.74601
44.92618	11.77071
44.90104	11.7834
44.74952	11.66549
44.72616	11.67109
44.72729	11.67111
44.74716	11.68515
44.73884	11.67955
44.70398	11.67912
44.70205	11.68984
44.7057	11.68213
44.71048	11.6843
44.81025	11.71764
44.80345	11.73483
44.76476	11.71412
44.7796	11.71932
44.76646	11.72432
44.74197	11.71866
44.74544	11.7181
44.74962	11.72557
44.73735	11.71992
44.76609	11.73133
44.77382	11.73056
44.77575	11.73142
44.79615	11.74279
44.77519	11.75118
44.69399	11.69363
44.70142	11.70876
44.69745	11.71546
44.6739	11.71113
44.68648	11.71556
44.68391	11.71242
44.69264	11.73233
44.70997	11.73669
44.67788	11.73394
44.73581	11.72201
44.73715	11.72653
44.75269	11.74296
44.75253	11.74476
44.76008	11.76038
44.75988	11.77395
44.71696	11.74459
44.73037	11.7527
44.72777	11.7608
44.74197	11.76689
44.75077	11.77662
44.75088	11.77537
44.72563	11.78598
44.82882	11.72461
44.82546	11.7318
44.81601	11.73155
44.81227	11.75135
44.81525	11.75452
44.82018	11.76074
44.81081	11.77018
44.81988	11.77393
44.81307	11.78589
44.85624	11.76856
44.87426	11.78363
44.87953	11.79147
44.89014	11.80486
44.84266	11.78336
44.85818	11.79631
44.82834	11.79397
44.83826	11.79188
44.83909	11.80593
44.83935	11.80477
44.87345	11.80834
44.8884	11.81419
44.85699	11.8099
44.78503	11.76915
44.78282	11.77835
44.80157	11.78178
44.81328	11.78782
44.79331	11.79482
44.8021	11.81396
44.75097	11.7877
44.74145	11.79549
44.79188	11.80746
44.82407	11.80462
44.80871	11.81421
44.8258	11.82506
44.82135	11.82947
44.83267	11.84089
44.84558	11.83619
44.79561	11.82404
44.82804	11.84132
44.83373	11.8611
44.84408	11.85408
44.80725	11.85333
44.83267	11.86085
45.00271	11.72707
45.00159	11.74297
45.0066	11.74647
45.00173	11.74244
45.03146	11.75909
45.03326	11.76143
45.01444	11.76347
45.01599	11.75502
45.0274	11.76281
44.98193	11.75092
44.99421	11.75435
44.96777	11.75126
44.98625	11.77548
45.03977	11.76725
45.04791	11.7638
45.03153	11.77493
45.04536	11.78384
45.04906	11.78588
45.03851	11.78623
45.06575	11.79225
45.07555	11.79576
45.0497	11.79514
45.02049	11.78738
45.02115	11.8108
45.05954	11.81315
44.97127	11.77329
44.94433	11.78068
44.9418	11.77497
44.97449	11.80762
44.94267	11.80072
44.93073	11.79676
44.93243	11.80723
44.96259	11.8164
44.94366	11.82267
44.94978	11.82159
44.95561	11.81678
45.01592	11.82247
45.04005	11.83095
45.0142	11.84287
45.02986	11.84227
44.98558	11.84007
44.99829	11.8515
44.99174	11.85869
45.09337	11.80603
45.09623	11.81248
45.07679	11.80757
45.11279	11.83002
45.11282	11.81868
45.12287	11.83288
45.1	11.8269
45.07853	11.82786
45.08322	11.83348
45.05748	11.83132
45.06936	11.8387
45.09496	11.84281
45.09474	11.85207
45.13518	11.84081
45.13193	11.83466
45.14287	11.84967
45.14406	11.84771
45.14648	11.86218
45.13885	11.87474
45.15485	11.88644
45.11011	11.87752
45.1162	11.88281
45.12712	11.87841
45.12879	11.89276
45.13173	11.90704
45.12904	11.90721
45.02344	11.85228
45.05343	11.86252
45.06815	11.87888
45.06936	11.88701
45.04639	11.89503
45.09184	11.88168
45.09548	11.90325
45.11671	11.9064
45.10533	11.90799
45.10994	11.92492
45.10934	11.92685
45.06739	11.90249
45.05753	11.9144
45.06283	11.90884
45.06799	11.91228
45.07007	11.9157
45.05954	11.92357
45.06278	11.92448
45.07247	11.92784
44.90433	11.80679
44.92944	11.81794
44.92655	11.8121
44.93983	11.82121
44.94458	11.82715
44.92949	11.83716
44.93035	11.83581
44.89253	11.83022
44.8952	11.83714
44.88822	11.83524
44.88428	11.84243
44.8977	11.84546
44.89581	11.84701
44.89253	11.85277
44.96604	11.844
44.95862	11.85109
44.96488	11.86199
44.9768	11.86698
44.98341	11.86566
44.93232	11.85656
44.93242	11.86293
44.92933	11.8633
44.94098	11.86962
44.94311	11.87378
44.92616	11.8723
44.96197	11.88006
44.96356	11.88517
44.95083	11.89969
44.87558	11.8519
44.86063	11.86499
44.90911	11.87284
44.87864	11.86515
44.89691	11.88434
44.88827	11.88933
44.84568	11.86537
44.85099	11.87235
44.84732	11.87255
44.85159	11.86797
44.84098	11.87536
44.85285	11.88439
44.8483	11.88715
44.87224	11.88987
44.87243	11.89207
44.87196	11.88988
44.85955	11.89628
44.84917	11.89349
44.8681	11.90065
44.87195	11.89561
44.91305	11.88596
44.9091	11.88526
44.90928	11.88502
44.91584	11.87901
44.90863	11.89687
44.9314	11.9104
44.91949	11.92159
44.90488	11.91937
44.91737	11.93372
45.0027	11.8794
45.01457	11.88582
45.02744	11.91174
45.02203	11.91394
44.98141	11.90216
44.98344	11.89943
44.97929	11.90395
44.96582	11.90779
44.96266	11.90464
44.98054	11.92305
45.00369	11.92098
44.98568	11.92685
44.99776	11.92909
44.99941	11.93779
45.05975	11.92919
45.05994	11.93051
45.07454	11.95683
45.06233	11.95673
45.03587	11.9509
45.02694	11.94814
45.00731	11.94687
45.04459	11.96853
44.96664	11.93538
44.97644	11.93011
44.94273	11.92748
44.99224	11.94723
44.96934	11.94765
44.9293	11.94173
44.93412	11.9555
44.93467	11.96425
44.95332	11.95489
44.95826	11.96558
44.94212	11.9645
44.95057	11.97652
44.95598	11.98055
44.95993	11.97769
45.01117	11.9695
44.99985	11.96817
45.00547	11.97771
44.99211	11.97883
45.01018	11.97726
45.01236	11.97785
45.02779	11.98936
45.00426	12.00226
44.992	12.00529
46.40426	10.80923
46.39794	10.81592
46.4349	10.84061
46.42336	10.84382
46.38623	10.83928
46.39995	10.84538
46.39202	10.84787
46.3788	10.85211
46.41349	10.85809
46.40445	10.87151
46.43908	10.8691
46.4807	10.87804
46.48671	10.88817
46.46917	10.89524
46.42603	10.86873
46.41183	10.88705
46.41899	10.88225
46.45268	10.88756
46.45299	10.89774
46.44648	10.88792
46.45187	10.90504
46.45202	10.91022
46.36616	10.86058
46.34733	10.8691
46.35271	10.86218
46.35982	10.87146
46.36233	10.87428
46.38629	10.87382
46.38625	10.87844
46.3815	10.8732
46.39854	10.87944
46.37326	10.8892
46.38611	10.8871
46.33973	10.87304
46.33315	10.87451
46.35205	10.87809
46.34546	10.88537
46.35215	10.87999
46.33082	10.88056
46.37317	10.89677
46.39981	10.88864
46.39024	10.90343
46.40486	10.91945
46.42933	10.91819
46.43573	10.92362
46.43919	10.92639
46.42128	10.92133
46.37464	10.912
46.40994	10.93631
46.41748	10.93554
46.49669	10.88765
46.5056	10.90727
46.49483	10.91223
46.52137	10.91382
46.50435	10.91884
46.49962	10.91975
46.46626	10.91489
46.47775	10.92313
46.5036	10.94246
46.54017	10.92314
46.54043	10.92367
46.55197	10.94628
46.56592	10.96573
46.5123	10.94651
46.52365	10.98359
46.52666	10.97159
46.53703	10.99481
46.45857	10.94014
46.43645	10.944
46.48028	10.94971
46.41992	10.95121
46.43895	10.96536
46.45749	10.98919
46.45896	10.98754
46.45045	10.99038
46.51045	10.97838
46.51541	10.99491
46.52929	10.99299
46.51091	10.99832
46.50387	11.00014
46.5169	10.9993
46.47474	10.98825
46.45967	10.99123
46.46681	11.00145
46.49887	11.01572
46.48848	11.0197
46.49546	11.03119
46.32645	10.89289
46.30549	10.90329
46.32022	10.90366
46.34254	10.90741
46.34616	10.90759
46.33308	10.91668
46.33561	10.91758
46.27894	10.92128
46.2781	10.92096
46.30941	10.93015
46.36866	10.94094
46.39027	10.95897
46.38062	10.96138
46.33131	10.95807
46.33453	10.96795
46.35859	10.96794
46.3544	10.96933
46.36112	10.96227
46.3592	10.98451
46.36272	10.98181
46.26318	10.93648
46.26739	10.94891
46.2788	10.95132
46.29875	10.95449
46.30664	10.96652
46.31316	10.95673
46.28167	10.95909
46.28952	10.95511
46.30156	10.9716
46.25746	10.94785
46.24886	10.94337
46.24044	10.96584
46.24999	10.95987
46.24885	10.95951
46.25266	10.97369
46.26043	10.96921
46.2487	10.97324
46.2614	10.97667
46.26349	10.96878
46.27654	10.9947
46.27376	10.98948
46.31692	10.9694
46.32221	10.97816
46.33459	10.98183
46.33449	10.98213
46.32924	10.97376
46.35086	11.00208
46.34796	10.99943
46.33766	11.00405
46.29235	10.98153
46.29724	10.98832
46.28939	10.98519
46.30132	10.99801
46.29525	11.01438
46.41625	10.97541
46.40673	10.98353
46.42834	10.97806
46.43415	10.98324
46.42611	10.99263
46.44155	10.99979
46.38455	10.994
46.37239	10.99802
46.39195	11.00757
46.38263	11.00398
46.39173	11.01519
46.45881	11.01102
46.44462	11.01251
46.43475	11.01672
46.44119	11.01701
46.46856	11.02919
46.48167	11.03622
46.48539	11.04003
46.4234	11.02247
46.41237	11.03204
46.42965	11.03776
46.44481	11.04241
46.43371	11.05775
46.36818	11.00844
46.37784	11.01682
46.38725	11.0322
46.394	11.03053
46.39514	11.03496
46.39521	11.03469
46.38548	11.04758
46.33615	11.03068
46.32483	11.04014
46.32037	11.03405
46.35791	11.06275
46.42669	11.05375
46.41357	11.05181
46.39342	11.05029
46.39988	11.06615
46.41043	11.06742
46.42425	11.06764
46.43699	11.06761
46.43605	11.07742
46.42784	11.09129
46.38386	11.05849
46.39414	11.0651
46.36589	11.07363
46.41477	11.08853
46.39795	11.09545
46.58713	10.9721
46.5872	10.96655
46.564	10.97858
46.56415	10.97837
46.57971	10.99246
46.59682	10.9952
46.58951	10.99888
46.55939	10.98923
46.5599	10.98898
46.57001	11.0029
46.55255	11.00878
46.58047	11.00766
46.59006	11.016
46.5751	11.02764
46.62127	11.00141
46.62061	11.00902
46.64556	11.01418
46.63382	11.02085
46.61349	11.02182
46.65123	11.02965
46.6607	11.03981
46.61448	11.03574
46.61426	11.03676
46.60588	11.0487
46.62694	11.04647
46.62442	11.0611
46.54292	11.01828
46.52643	11.01247
46.56316	11.02539
46.56823	11.03536
46.55599	11.03825
46.56472	11.04937
46.52671	11.03139
46.5059	11.0274
46.53734	11.04094
46.53863	11.04099
46.54361	11.04948
46.55107	11.05687
46.53369	11.05615
46.57784	11.06808
46.57544	11.06357
46.61445	11.07169
46.60511	11.07371
46.61217	11.07135
46.55916	11.0665
46.56304	11.06772
46.5936	11.09619
46.58107	11.10261
46.66819	11.04078
46.68738	11.05312
46.67577	11.05663
46.70734	11.07248
46.70022	11.07363
46.69363	11.07827
46.63954	11.06495
46.64012	11.0648
46.64088	11.0773
46.6513	11.0833
46.65033	11.08286
46.64273	11.07991
46.67862	11.08203
46.72999	11.08921
46.74078	11.1093
46.73366	11.11498
46.67389	11.11107
46.69424	11.1236
46.70596	11.12202
46.70983	11.14289
46.71505	11.14727
46.70896	11.13497
46.62595	11.09075
46.62354	11.10298
46.65686	11.10152
46.65558	11.10533
46.63721	11.10812
46.653	11.12418
46.64538	11.11838
46.61314	11.11221
46.61946	11.11591
46.6146	11.11205
46.59532	11.11239
46.61306	11.11927
46.63416	11.13177
46.63404	11.13233
46.61462	11.1346
46.67545	11.11822
46.67401	11.12988
46.67459	11.13046
46.7043	11.1524
46.69062	11.1553
46.64649	11.13713
46.64775	11.16261
46.66312	11.15663
46.66816	11.16383
46.68037	11.16339
46.49062	11.04855
46.47583	11.05698
46.49662	11.06352
46.52217	11.06818
46.4804	11.06989
46.4592	11.07496
46.45699	11.07622
46.45688	11.07655
46.47163	11.08193
46.49854	11.08247
46.497	11.10155
46.53483	11.08036
46.55366	11.09028
46.5396	11.09451
46.54544	11.09968
46.56913	11.11761
46.56947	11.10703
46.55181	11.11919
46.56181	11.12634
46.51054	11.09972
46.53212	11.10699
46.52075	11.11176
46.51156	11.11476
46.50469	11.11385
46.51363	11.12593
46.53489	11.1229
46.54605	11.13232
46.55221	11.13354
46.44116	11.08203
46.4551	11.08288
46.43471	11.08943
46.45586	11.09778
46.46972	11.10169
46.47595	11.10934
46.45969	11.11719
46.42563	11.10322
46.42535	11.10056
46.44755	11.11043
46.41532	11.10963
46.41958	11.11463
46.41128	11.10704
46.44665	11.13429
46.50452	11.12225
46.47719	11.13418
46.47664	11.13289
46.49259	11.13249
46.50621	11.13897
46.52594	11.14887
46.52148	11.15878
46.46546	11.14078
46.47776	11.14391
46.46605	11.1471
46.45484	11.14852
46.457	11.15132
46.46102	11.15436
46.46071	11.15419
46.45231	11.1485
46.49765	11.15486
46.50049	11.15757
46.47759	11.17108
46.48944	11.168
46.49175	11.17056
46.49421	11.17923
46.57215	11.12483
46.57607	11.13457
46.58175	11.14387
46.58179	11.14303
46.60511	11.15193
46.60707	11.16393
46.56444	11.14357
46.58659	11.16042
46.56226	11.1666
46.62314	11.1519
46.64035	11.16889
46.64181	11.17071
46.64003	11.16853
46.6131	11.16747
46.63062	11.17872
46.63513	11.17678
46.65577	11.19349
46.65559	11.1948
46.64199	11.20074
46.6071	11.18258
46.59812	11.18502
46.62554	11.19426
46.62671	11.20306
46.63606	11.20965
46.61898	11.20223
46.62651	11.21471
46.5578	11.16828
46.55416	11.17244
46.54024	11.18171
46.56577	11.18667
46.55614	11.18878
46.50836	11.18373
46.53775	11.19369
46.54883	11.20879
46.54661	11.20258
46.57337	11.20036
46.60319	11.20854
46.60331	11.21231
46.61351	11.22441
46.62458	11.22534
46.6077	11.2237
46.59192	11.2236
46.59331	11.23215
46.58633	11.22163
46.61225	11.23538
46.56526	11.21215
46.55734	11.23075
46.59065	11.24398
46.5927	11.24595
46.58673	11.24625
46.57609	11.24349
46.57198	11.24464
46.24331	10.99116
46.25212	11.00103
46.2512	11.01184
46.24664	11.01039
46.24649	11.01026
46.25251	10.99832
46.21516	11.00999
46.20103	11.00456
46.28634	11.01226
46.28045	11.01753
46.26756	11.02311
46.26052	11.02489
46.26636	11.028
46.26732	11.03106
46.25805	11.03626
46.25004	11.041
46.25706	11.04335
46.24636	11.04809
46.27296	11.03812
46.26453	11.04799
46.27081	11.05412
46.26043	11.0528
46.26884	11.06333
46.17184	11.01078
46.21414	11.02082
46.18996	11.03202
46.19386	11.0304
46.16917	11.03243
46.15613	11.02797
46.16818	11.05044
46.15612	11.04646
46.16285	11.04071
46.2292	11.04125
46.25355	11.06072
46.25076	11.07686
46.26101	11.08348
46.23057	11.0732
46.23311	11.08721
46.23477	11.08608
46.24344	11.08782
46.21875	11.09051
46.2236	11.09665
46.21708	11.09777
46.23497	11.1009
46.23662	11.10304
46.32005	11.05115
46.32599	11.07048
46.33307	11.07382
46.34123	11.0892
46.29499	11.08927
46.28925	11.08539
46.31851	11.07299
46.33215	11.09727
46.30972	11.10337
46.3622	11.10261
46.38619	11.09969
46.36414	11.10971
46.33722	11.11017
46.33708	11.11081
46.33206	11.11232
46.36518	11.11499
46.38013	11.13003
46.3591	11.13411
46.27448	11.08986
46.3074	11.11921
46.31515	11.10835
46.25826	11.10349
46.23813	11.10641
46.27358	11.12036
46.33273	11.13095
46.32173	11.14516
46.31926	11.14662
46.34238	11.13367
46.3271	11.15191
46.34716	11.15963
46.34291	11.16094
46.28042	11.1464
46.27726	11.14879
46.31904	11.1557
46.31158	11.17691
46.32113	11.17238
46.14655	11.04181
46.13191	11.06323
46.14023	11.07055
46.14008	11.06369
46.15631	11.06353
46.16764	11.07235
46.11281	11.06588
46.1344	11.07694
46.11293	11.06913
46.10575	11.07497
46.10809	11.06678
46.11963	11.08475
46.14552	11.08103
46.14327	11.08894
46.15558	11.08733
46.14384	11.10503
46.19337	11.09511
46.21028	11.12634
46.16666	11.10588
46.16824	11.12638
46.1873	11.12796
46.19862	11.13233
46.18023	11.13503
46.17207	11.12445
46.17034	11.13372
46.19619	11.13984
46.18834	11.14727
46.19233	11.14151
46.10099	11.07539
46.08855	11.08396
46.092	11.1
46.12328	11.11036
46.13179	11.11551
46.12175	11.12701
46.08347	11.10235
46.0762	11.0972
46.05949	11.10757
46.07482	11.11832
46.10952	11.13633
46.09431	11.12805
46.08659	11.12194
46.08427	11.13593
46.08629	11.12193
46.13408	11.12188
46.13403	11.12884
46.12879	11.13027
46.1523	11.15417
46.15269	11.15777
46.14356	11.15537
46.15685	11.17242
46.12879	11.16383
46.13648	11.17622
46.14358	11.17866
46.1487	11.17919
46.13892	11.18142
46.23539	11.1164
46.26259	11.14067
46.23873	11.15018
46.25563	11.16447
46.21174	11.13348
46.20995	11.14506
46.22549	11.14852
46.22531	11.15004
46.20117	11.14555
46.18942	11.14728
46.22688	11.15649
46.24211	11.17408
46.24853	11.171
46.28431	11.17012
46.27544	11.1795
46.27613	11.17858
46.30069	11.18301
46.30738	11.18204
46.30866	11.18162
46.29821	11.20109
46.29864	11.1901
46.27829	11.19964
46.27306	11.20345
46.2853	11.20089
46.26124	11.21025
46.19328	11.16849
46.20074	11.17719
46.21363	11.18281
46.23028	11.18695
46.22706	11.18845
46.21099	11.18482
46.21259	11.19456
46.16955	11.20611
46.17537	11.21206
46.23514	11.19325
46.2496	11.20715
46.24988	11.20815
46.22581	11.20837
46.23718	11.21347
46.22313	11.21769
46.24886	11.20994
46.25104	11.21445
46.26436	11.22196
46.26402	11.22117
46.25751	11.22597
46.25559	11.2352
46.20871	11.21605
46.20237	11.21666
46.20668	11.20798
46.2192	11.2206
46.18937	11.22488
46.20518	11.23457
46.21877	11.24462
46.22461	11.24237
46.22468	11.24243
46.23423	11.25966
46.39699	11.13538
46.43813	11.14485
46.41279	11.14708
46.37841	11.15373
46.38189	11.15924
46.40543	11.15408
46.40159	11.1587
46.41778	11.16652
46.40059	11.16364
46.47221	11.17895
46.47073	11.19636
46.47065	11.18945
46.42715	11.17377
46.41041	11.18437
46.45365	11.20038
46.43133	11.20696
46.43252	11.20352
46.35944	11.15653
46.36885	11.16112
46.37043	11.16214
46.38212	11.17411
46.38082	11.17523
46.34719	11.17896
46.34939	11.18566
46.34614	11.18387
46.33529	11.19426
46.38015	11.20296
46.34856	11.20931
46.40309	11.19112
46.42046	11.20995
46.39734	11.21009
46.44445	11.22864
46.4136	11.22737
46.37713	11.21472
46.38441	11.21727
46.39977	11.2401
46.48967	11.19614
46.505	11.20195
46.48739	11.21195
46.50903	11.21473
46.48194	11.23156
46.46904	11.22545
46.46711	11.23385
46.49451	11.23521
46.5007	11.24432
46.47955	11.2503
46.497	11.24841
46.55519	11.24652
46.55435	11.24589
46.55312	11.24861
46.53122	11.24792
46.54075	11.25735
46.57976	11.26122
46.56896	11.2665
46.55469	11.26476
46.54698	11.28587
46.53835	11.2997
46.52972	11.28962
46.45631	11.24009
46.43464	11.24473
46.45155	11.25756
46.44993	11.25905
46.46989	11.27745
46.41808	11.25303
46.44092	11.25517
46.43085	11.27551
46.45877	11.28798
46.49966	11.26985
46.47993	11.27942
46.49593	11.28718
46.52163	11.29233
46.53227	11.2998
46.52216	11.311
46.47688	11.30777
46.49961	11.30733
46.48855	11.32776
46.32128	11.19201
46.32408	11.21282
46.29086	11.21951
46.29687	11.22282
46.31242	11.22713
46.30841	11.24355
46.31174	11.23849
46.31361	11.25861
46.3624	11.24328
46.34763	11.24067
46.36132	11.24495
46.39498	11.26554
46.37426	11.26904
46.38074	11.27282
46.33677	11.25432
46.35136	11.27225
46.3308	11.26474
46.32536	11.25834
46.34395	11.2754
46.37577	11.2785
46.34623	11.28037
46.35184	11.28316
46.35891	11.28562
46.26453	11.23329
46.27381	11.23262
46.25969	11.23881
46.27917	11.25155
46.30327	11.25191
46.28882	11.26178
46.26996	11.27695
46.29001	11.28055
46.26722	11.29309
46.32501	11.29026
46.34789	11.30592
46.34951	11.29488
46.34135	11.31117
46.31436	11.30226
46.2824	11.29411
46.32348	11.31952
46.31783	11.32079
46.40056	11.27173
46.42002	11.28288
46.40008	11.27955
46.39984	11.28837
46.42537	11.28883
46.44752	11.30152
46.43779	11.30762
46.42306	11.29702
46.41152	11.2995
46.42522	11.29903
46.42475	11.29838
46.42899	11.31537
46.3792	11.2899
46.38188	11.29637
46.39357	11.29947
46.38019	11.30659
46.40417	11.32009
46.40366	11.33271
46.41061	11.33282
46.43983	11.3109
46.45127	11.31045
46.45578	11.31251
46.46911	11.31971
46.43536	11.31482
46.46917	11.32985
46.42932	11.33567
46.4326	11.34103
46.44066	11.34424
46.36564	11.31656
46.36504	11.31929
46.3806	11.32188
46.36106	11.33599
46.32938	11.34751
46.34126	11.35367
46.36426	11.34118
46.37391	11.36242
46.35701	11.35467
46.35126	11.35831
46.36757	11.36848
46.40508	11.3551
46.426	11.35702
46.3939	11.35311
46.39018	11.35984
46.42295	11.3697
46.41952	11.37949
46.38737	11.36417
46.37199	11.37341
46.37702	11.38658
46.37668	11.38663
46.40606	11.3994
46.41118	11.40828
46.77954	11.13771
46.79459	11.14856
46.78599	11.15882
46.75074	11.15346
46.7671	11.17102
46.75348	11.18188
46.75981	11.18514
46.75888	11.1761
46.78705	11.16719
46.79653	11.17254
46.82381	11.17064
46.83355	11.18814
46.83666	11.19176
46.8215	11.19898
46.78524	11.17547
46.79985	11.20759
46.71792	11.16122
46.71849	11.15617
46.7482	11.18934
46.71961	11.18288
46.70706	11.18468
46.70819	11.18745
46.6848	11.18233
46.70978	11.20063
46.73004	11.20831
46.75045	11.20927
46.74772	11.19919
46.75777	11.2077
46.79091	11.23201
46.79017	11.22116
46.77652	11.22298
46.77516	11.23401
46.78334	11.23782
46.72828	11.21389
46.72998	11.2257
46.75796	11.23245
46.77157	11.23891
46.85289	11.20321
46.84191	11.20757
46.8282	11.20944
46.86666	11.21281
46.86366	11.22069
46.8764	11.22261
46.87704	11.23421
46.83352	11.22257
